100
0 74 1 2 3 5 6 7 8 9 11 14 16 17 18 19 20 22 23 25 26 27 28 30 31 32 33 34 35 37 38 39 41 42 43 45 46 48 49 50 51 53 54 55 56 57 58 60 62 64 65 66 67 68 69 70 71 74 75 76 77 78 79 80 81 82 84 85 86 88 89 91 92 95 97 99 
1 82 3 4 5 6 7 8 9 11 12 13 14 16 17 18 19 21 22 23 24 25 26 27 29 30 31 32 33 34 35 36 37 38 39 40 41 42 43 44 45 46 48 49 51 52 53 54 55 58 59 60 61 62 64 65 66 67 68 69 70 71 72 73 74 75 76 77 78 79 80 82 83 85 87 89 90 91 92 93 94 95 96 98 
2 75 0 1 3 4 5 6 7 10 11 12 13 14 15 17 18 19 20 21 24 25 26 27 29 30 32 33 34 35 36 37 38 39 40 43 44 45 46 47 49 50 52 53 54 55 56 57 58 59 60 63 64 66 67 68 69 70 71 72 73 75 76 77 79 80 81 83 84 86 87 88 89 92 96 98 99 
3 87 0 1 2 4 6 8 9 10 11 12 13 14 16 17 18 19 20 21 22 23 24 25 27 28 29 30 31 32 34 35 36 37 38 39 40 42 43 44 45 46 47 48 51 52 53 54 55 56 57 58 59 60 61 62 63 64 65 66 67 68 69 71 72 74 75 76 77 78 79 80 81 82 83 84 85 86 87 88 89 90 91 93 94 95 96 97 99 
4 84 1 2 3 5 7 8 9 10 11 12 14 15 16 17 18 19 20 21 22 23 24 26 27 28 29 30 32 33 35 36 37 38 39 41 42 43 44 46 47 48 49 50 51 52 53 54 55 56 57 58 60 61 62 63 64 65 66 67 68 69 70 71 72 74 75 76 77 79 80 81 82 83 87 88 89 90 92 93 94 95 96 97 98 99 
5 80 0 1 2 3 6 7 8 9 10 11 12 13 14 15 16 17 18 19 20 21 22 23 25 27 28 29 30 31 33 34 35 37 38 39 40 41 42 46 47 48 49 50 51 52 53 54 56 57 58 59 60 61 64 66 67 68 70 71 72 73 74 75 76 77 78 79 80 81 83 84 86 88 89 90 91 93 94 95 98 99 
6 86 0 1 2 4 5 7 8 9 10 11 13 14 15 16 17 18 19 21 22 24 25 26 28 29 30 32 33 34 35 36 37 38 39 40 41 42 43 44 45 46 48 49 50 51 52 53 54 55 56 57 58 59 60 62 63 64 65 66 67 68 70 71 72 74 75 77 78 79 80 81 82 83 84 86 87 88 90 91 92 93 94 95 96 97 98 99 
7 75 2 3 4 5 8 9 12 14 15 18 19 22 23 24 25 26 27 29 30 31 32 33 34 35 36 37 39 40 41 42 45 46 47 48 49 50 51 52 54 55 56 58 59 60 61 62 63 64 65 66 67 71 72 73 74 75 77 78 79 80 83 84 85 86 87 88 89 90 91 93 94 95 97 98 99 
8 80 0 1 2 3 4 5 7 10 11 12 13 14 15 16 17 18 19 20 21 22 24 25 26 27 29 30 31 32 33 34 36 37 38 39 40 41 42 43 44 45 46 47 49 50 51 52 53 54 55 57 58 59 60 62 63 64 65 68 69 71 72 73 74 75 76 79 80 84 85 86 88 90 91 92 93 95 96 97 98 99 
9 82 0 1 3 4 5 6 7 8 11 12 13 14 15 16 17 18 19 20 22 23 24 25 26 27 28 29 30 32 33 35 36 37 39 40 41 43 44 45 46 47 49 50 51 52 53 54 55 56 57 58 60 61 62 63 64 65 66 67 68 69 70 73 74 77 78 79 81 82 83 84 85 86 87 90 91 92 93 94 95 96 97 99 
10 83 0 1 3 5 6 7 8 9 11 12 13 14 16 17 18 19 20 21 22 23 24 26 27 28 29 30 33 34 36 37 38 39 41 42 43 44 45 47 48 49 50 51 52 54 56 57 58 59 60 61 62 63 65 66 67 68 69 70 71 72 73 74 75 76 77 78 80 81 82 83 84 85 86 87 88 89 90 94 95 96 97 98 99 
11 84 0 1 3 5 6 8 9 10 12 13 14 15 16 17 18 19 21 22 23 26 27 28 29 30 31 32 33 34 35 36 37 39 40 41 42 43 44 45 46 47 48 49 50 51 52 53 54 56 57 59 61 62 63 65 66 67 68 69 70 71 72 73 74 75 76 77 79 80 81 82 84 85 86 87 88 89 90 91 92 93 94 95 98 99 
12 81 0 1 3 4 5 6 7 8 9 10 11 14 15 16 17 18 19 20 21 23 24 25 26 27 28 29 31 34 35 36 37 38 40 41 42 44 45 46 47 48 49 50 51 52 53 54 55 56 57 58 61 62 63 65 67 69 70 73 74 75 76 77 78 79 80 81 82 83 84 85 87 88 89 90 91 93 94 95 96 98 99 
13 81 0 2 3 4 5 6 7 8 9 11 12 14 15 17 19 20 21 22 23 24 26 27 28 29 30 31 32 33 35 37 38 39 40 41 42 43 46 48 49 50 51 53 55 56 57 59 60 61 62 63 64 65 66 67 69 70 71 72 73 75 76 77 78 80 81 82 83 85 86 87 88 89 90 91 92 93 94 95 96 97 99 
14 76 0 1 3 4 5 6 7 8 9 10 11 12 15 17 18 19 20 21 22 24 25 26 29 30 31 32 33 34 35 36 37 38 39 40 41 42 43 44 46 47 50 52 54 56 58 59 60 62 63 64 65 66 67 69 71 72 73 75 76 79 80 81 82 83 85 87 89 90 92 93 94 95 96 97 98 99 
15 76 0 1 2 3 4 6 7 9 10 11 13 18 19 20 21 22 23 24 25 26 27 28 31 32 33 34 35 37 38 39 40 42 44 46 48 49 50 52 53 54 55 56 57 58 59 60 61 62 64 66 68 69 70 71 72 73 74 76 77 78 81 82 83 84 85 86 88 90 91 92 93 94 96 97 98 99 
16 75 0 1 2 3 4 5 7 8 9 11 13 14 15 17 18 19 20 22 23 24 25 27 28 29 30 31 33 35 36 37 39 40 41 43 45 46 47 49 50 51 53 55 56 57 59 60 62 63 64 66 67 68 69 71 72 73 74 75 77 79 80 81 82 83 84 85 86 88 89 90 93 95 96 97 99 
17 83 0 1 2 3 4 6 8 11 12 13 15 18 19 20 21 22 23 24 25 27 28 29 30 32 33 34 35 36 38 39 40 41 42 43 45 46 47 48 49 50 51 52 53 54 55 56 57 58 59 60 61 62 65 66 67 68 69 70 71 72 74 75 77 78 79 80 81 82 83 84 85 86 87 88 89 90 91 92 94 95 96 97 98 
18 74 0 1 2 3 5 6 7 11 13 15 16 17 20 21 22 24 25 26 29 30 32 33 34 35 36 38 39 40 41 42 43 44 45 46 47 48 49 51 52 53 55 57 58 59 60 61 62 63 64 68 69 70 72 74 75 76 78 79 80 82 83 85 86 88 89 91 92 93 94 95 96 97 98 99 
19 83 0 1 2 3 5 6 7 9 10 11 12 13 14 15 16 17 18 20 22 24 25 26 27 28 30 32 35 36 37 38 39 40 41 42 43 46 47 49 50 51 52 53 55 56 57 58 59 60 61 63 64 65 66 67 69 70 71 72 73 74 75 76 77 78 79 80 81 82 84 85 86 87 88 89 90 91 92 94 95 96 97 98 99 
20 80 0 1 2 3 4 5 6 8 9 10 11 12 13 14 15 16 17 18 19 21 22 23 24 25 26 27 28 30 31 33 34 35 36 37 38 39 40 41 42 43 45 47 48 49 50 51 52 53 54 55 56 57 58 60 61 64 67 68 69 71 72 73 74 76 79 80 82 83 85 87 88 89 90 92 93 94 95 96 97 99 
21 77 0 2 3 4 5 6 7 9 10 11 12 13 14 16 17 18 19 20 22 23 25 26 27 28 29 30 31 32 33 34 35 36 38 41 43 44 45 46 48 49 50 51 52 53 55 56 57 58 59 60 62 63 64 65 67 68 69 73 74 75 76 77 78 79 80 81 82 83 84 85 86 89 91 95 96 98 99 
22 74 0 4 5 7 8 9 10 12 13 16 17 19 20 23 24 25 26 28 29 30 31 32 33 35 38 40 42 44 45 46 47 49 51 52 53 54 55 57 58 59 60 61 62 63 65 66 67 70 71 72 73 74 75 76 77 79 80 81 82 83 84 85 86 88 89 90 91 92 93 95 96 97 98 99 
23 78 0 1 2 3 4 6 7 8 9 10 12 14 15 16 20 21 22 24 25 26 27 28 29 30 32 33 34 35 36 37 38 39 41 42 43 44 46 47 48 49 50 51 53 55 56 57 58 60 61 62 63 65 66 67 69 70 71 72 74 75 76 77 80 81 82 83 84 85 87 88 89 91 93 94 95 97 98 99 
24 80 0 2 3 4 5 7 9 10 11 12 13 15 16 17 18 19 20 22 23 25 26 27 28 29 30 31 32 34 35 36 37 38 39 40 41 42 44 45 46 47 48 49 51 52 54 55 56 57 58 59 60 61 63 65 67 68 69 72 73 74 75 76 77 78 79 80 81 82 83 84 85 86 88 89 91 92 94 95 98 99 
25 81 0 1 2 3 5 6 7 9 10 11 12 13 14 15 16 17 20 21 22 23 24 26 27 28 29 31 33 34 37 38 39 41 42 43 44 45 46 47 48 49 51 52 53 54 55 56 57 60 61 62 63 64 65 66 67 68 69 71 73 74 76 77 78 79 80 81 82 83 84 86 88 89 90 91 92 93 94 96 97 98 99 
26 84 0 1 2 3 5 6 7 8 10 12 14 15 16 17 18 19 20 21 22 23 24 25 27 28 29 30 31 32 33 34 35 36 37 38 40 42 43 44 45 46 47 49 50 51 52 54 55 56 57 58 59 60 61 62 64 65 66 67 68 71 72 73 74 75 76 77 79 80 81 82 83 84 85 86 87 89 90 91 93 94 95 97 98 99 
27 83 0 2 3 5 6 7 8 9 10 11 12 14 16 17 18 19 20 21 22 24 25 26 29 30 31 32 33 34 36 37 38 39 40 41 42 43 44 46 47 48 49 50 51 52 54 55 56 57 58 59 60 61 62 63 64 65 66 68 69 71 72 73 74 76 77 78 79 80 83 84 85 86 89 90 91 92 93 94 95 96 97 98 99 
28 81 0 2 3 5 6 7 8 9 10 11 12 13 14 15 16 17 18 20 21 24 25 26 27 29 30 31 32 33 34 35 36 37 38 39 40 41 42 43 44 45 46 47 48 49 50 51 53 55 56 57 58 59 60 63 64 66 67 73 74 75 77 78 79 80 81 82 83 85 86 87 89 90 91 92 93 94 95 96 97 98 99 
29 78 0 1 3 4 6 7 9 10 13 14 15 16 17 18 19 20 21 22 23 24 25 26 27 28 30 31 32 33 34 35 36 37 38 39 41 42 44 45 47 49 50 51 52 53 54 55 56 57 58 59 61 62 63 65 66 68 69 70 72 73 75 77 78 79 81 82 83 85 86 87 88 89 90 91 93 94 95 96 
30 87 1 2 3 4 5 7 8 9 10 11 12 13 14 15 16 17 19 20 23 24 25 26 27 29 31 32 33 34 35 36 37 38 40 41 42 43 44 45 46 47 48 49 50 51 53 54 55 56 57 58 59 60 61 62 63 64 65 66 67 68 69 70 71 72 73 74 75 76 78 79 80 81 82 83 85 87 88 89 90 91 92 93 94 96 97 98 99 
31 83 0 1 2 3 4 5 6 7 10 12 13 14 15 19 21 23 24 25 26 27 28 30 32 33 34 35 36 37 39 40 41 42 44 46 47 48 49 50 51 52 53 54 55 56 57 58 59 60 61 63 64 65 66 67 68 69 70 71 73 74 75 76 78 79 80 81 82 83 84 85 86 87 88 89 90 91 92 93 94 96 97 98 99 
32 81 0 1 3 4 5 6 7 8 9 10 11 12 13 14 15 16 17 18 21 22 23 24 28 30 31 33 34 35 36 39 40 41 43 44 45 46 47 48 49 50 51 53 54 55 56 57 58 59 60 61 62 63 64 65 66 68 69 70 72 73 74 75 76 78 80 81 82 83 84 85 86 87 88 89 90 91 92 93 94 96 99 
33 78 0 1 2 3 4 5 6 7 9 10 12 15 16 17 18 21 22 23 25 26 29 30 32 34 35 36 37 38 39 40 41 42 43 44 45 48 49 51 52 53 55 56 57 58 59 60 62 64 65 66 69 71 72 73 74 75 76 77 78 79 80 81 82 83 84 86 87 88 89 90 91 92 93 94 95 96 97 98 
34 80 0 2 3 4 5 6 8 9 10 11 13 14 15 16 17 18 19 20 21 22 24 25 27 28 29 30 31 32 35 36 37 39 40 41 42 43 44 45 46 47 48 49 50 51 53 54 56 57 58 59 61 62 63 64 65 66 67 68 70 72 73 74 75 77 79 80 81 82 83 84 85 87 89 91 92 93 94 95 96 99 
35 81 0 1 2 3 4 5 6 8 9 10 11 12 14 16 19 20 21 22 23 24 25 27 28 29 30 33 34 36 37 39 40 41 44 45 46 47 48 50 51 52 54 55 57 58 59 60 62 63 64 65 66 67 68 69 70 71 73 75 76 77 78 79 80 81 82 83 84 85 86 88 89 90 91 92 93 94 95 96 97 98 99 
36 77 0 1 3 4 5 6 7 8 9 10 11 14 15 16 17 18 19 20 21 24 25 26 27 28 30 32 33 35 37 39 41 42 46 47 48 49 50 51 53 55 58 59 60 61 63 64 65 66 67 68 69 71 74 75 76 77 78 79 80 81 82 83 84 85 86 87 88 89 91 92 93 94 95 96 97 98 99 
37 82 1 3 5 6 7 8 9 10 11 13 14 15 16 17 18 19 20 21 23 24 25 27 28 29 30 31 32 33 34 35 36 38 40 41 42 44 45 46 47 48 49 51 52 53 54 56 57 58 59 60 61 62 63 64 66 67 68 69 70 71 72 73 74 77 79 80 81 82 83 85 86 87 88 89 90 91 92 94 95 96 97 98 
38 79 0 1 2 3 4 5 6 9 10 11 12 13 15 16 17 18 19 20 21 23 24 26 27 28 31 32 33 34 35 37 39 40 41 42 43 44 45 46 47 48 49 51 52 53 54 55 60 61 62 63 64 65 66 68 69 70 71 72 73 74 75 76 77 79 80 81 82 85 86 88 89 90 92 93 94 95 96 98 99 
39 81 0 1 2 3 5 7 8 9 10 11 13 15 16 17 18 19 21 23 24 25 26 27 29 30 31 32 33 34 36 38 40 41 42 43 44 45 46 47 48 49 50 51 52 54 56 57 59 60 61 62 63 64 65 66 67 68 71 72 73 74 75 77 78 79 80 82 83 84 85 86 87 88 89 91 93 94 95 96 97 98 99 
40 75 0 1 2 3 4 5 6 8 9 11 12 13 14 15 16 17 18 19 22 23 24 25 26 27 28 31 32 33 34 36 37 38 41 42 44 45 47 49 51 52 53 54 55 56 57 59 61 64 65 68 70 71 72 73 74 75 77 78 79 80 82 83 84 85 86 87 88 89 90 91 92 94 96 97 99 
41 83 0 1 3 4 6 7 9 10 11 12 14 15 16 17 19 20 21 22 23 24 25 26 27 28 31 32 33 34 36 37 39 40 42 43 44 45 46 47 48 49 50 51 52 53 54 56 57 59 60 62 63 64 65 66 67 68 69 70 71 72 73 74 75 76 77 78 79 80 81 82 84 85 88 89 90 91 92 93 95 96 97 98 99 
42 73 0 1 2 3 5 6 8 10 11 13 14 16 18 19 20 22 25 26 27 28 29 30 32 33 34 36 37 38 40 41 43 44 45 46 47 48 50 52 53 54 56 58 60 61 62 63 64 65 66 69 72 74 75 76 77 78 79 80 81 82 83 84 85 86 88 89 90 91 93 94 96 97 99 
43 77 1 2 5 6 9 10 12 13 14 15 16 17 19 20 21 22 23 24 25 27 28 29 30 33 35 36 37 38 39 40 41 44 46 47 48 50 51 53 54 55 56 57 58 59 60 61 62 63 64 65 66 69 70 71 73 74 75 76 78 79 80 81 82 83 84 85 87 89 90 91 92 93 94 95 96 97 98 
44 79 0 1 3 4 5 7 8 9 10 11 12 13 14 15 16 17 18 19 20 21 23 24 26 27 28 29 30 31 33 34 35 37 38 39 40 41 42 43 45 48 50 52 53 54 55 56 58 59 60 61 62 63 64 65 66 68 70 71 72 73 74 75 78 79 80 81 82 84 85 86 88 90 92 93 94 95 96 97 98 
45 68 0 1 2 3 5 6 9 10 11 12 13 14 15 17 18 19 21 22 24 25 27 28 29 31 32 33 34 35 40 41 42 43 46 47 48 49 50 51 52 53 54 55 58 59 62 63 66 67 69 70 73 74 75 80 81 82 83 85 86 87 88 89 91 93 94 97 98 99 
46 70 0 2 3 5 6 7 8 9 10 11 12 13 14 16 17 20 21 22 23 24 25 26 28 29 31 33 34 35 36 37 38 40 41 43 45 47 48 49 50 51 52 53 57 59 60 61 63 66 67 69 70 71 73 74 75 76 77 78 79 80 81 82 84 85 88 91 94 97 98 99 
47 75 0 1 2 3 5 6 7 8 9 10 11 13 14 15 16 17 19 20 21 23 24 25 26 27 28 29 30 31 32 33 34 35 37 38 40 41 42 43 44 45 48 49 50 51 52 53 55 56 57 59 60 62 63 64 65 68 69 70 72 73 75 76 77 80 81 83 84 85 86 87 88 91 93 94 97 
48 76 0 2 3 4 5 6 8 13 15 16 17 18 19 20 21 22 23 24 25 26 28 29 31 32 33 35 36 37 39 42 43 44 45 46 47 50 51 52 53 54 56 57 58 59 61 62 63 64 65 66 68 69 70 71 72 74 76 77 78 79 80 81 82 84 85 86 87 88 89 91 92 93 94 95 98 99 
49 84 0 1 2 5 6 8 9 10 11 12 14 15 16 17 18 19 20 21 23 24 25 26 27 28 29 30 31 33 34 36 37 38 39 40 41 42 43 44 45 46 48 50 52 53 54 55 56 57 59 62 63 64 65 66 67 68 69 70 71 72 75 76 77 78 79 80 81 82 83 84 85 86 87 88 89 90 91 92 93 94 95 96 97 99 
50 74 0 1 3 4 5 6 7 8 9 13 15 16 18 19 20 22 23 24 25 26 27 28 29 30 32 33 34 35 39 42 46 47 48 49 51 52 53 54 55 56 57 58 60 63 64 65 66 67 68 69 70 72 73 76 77 78 79 80 81 82 83 84 85 86 87 88 90 91 92 93 95 96 98 99 
51 78 0 1 3 4 5 6 7 8 9 11 12 14 15 16 17 18 19 20 21 22 23 24 25 29 30 31 33 35 36 39 41 42 43 44 45 46 47 48 49 50 52 53 54 55 56 57 58 59 61 62 63 64 67 68 70 71 72 73 74 75 76 77 78 80 81 82 83 84 85 86 87 89 91 92 94 95 96 99 
52 74 0 1 2 3 4 6 8 9 10 12 13 15 16 17 18 19 20 22 23 24 25 27 28 30 31 32 33 34 36 37 38 40 42 43 44 45 46 47 48 50 51 53 54 55 56 58 59 61 63 66 67 69 70 71 72 73 78 79 80 81 83 84 85 86 87 88 89 90 92 93 94 95 96 98 
53 76 0 1 2 3 4 5 7 10 11 12 13 15 16 19 20 21 23 24 25 26 27 28 29 30 31 32 33 34 35 36 37 39 41 43 44 45 46 47 48 49 50 51 54 56 57 58 60 62 63 64 65 66 68 69 70 71 72 73 74 75 77 78 79 80 81 83 84 86 87 89 91 93 95 96 98 99 
54 81 0 1 2 3 4 5 6 7 8 10 11 13 14 15 17 18 20 21 23 24 25 26 27 28 30 31 32 33 34 35 36 37 39 40 42 43 45 47 48 50 51 52 53 55 56 57 58 59 61 62 63 65 66 68 69 70 71 72 73 74 75 76 78 79 80 81 82 83 85 86 89 90 91 92 93 94 95 96 97 98 99 
55 80 0 1 2 4 6 7 8 9 10 11 12 13 15 16 17 18 20 21 22 24 25 26 27 28 30 31 32 33 35 37 38 39 40 42 43 44 45 46 47 48 49 51 54 56 57 58 59 60 63 64 65 67 68 69 70 71 72 73 74 75 77 78 79 80 81 82 84 85 86 87 88 89 91 92 94 95 96 97 98 99 
56 73 0 1 2 3 4 5 6 7 8 9 10 11 12 14 16 17 19 20 22 23 24 25 27 30 31 32 33 36 37 39 40 41 42 43 44 47 48 50 51 52 53 54 55 58 59 60 61 62 63 64 65 66 68 70 71 72 73 76 77 78 79 80 83 87 89 90 91 93 95 96 97 98 99 
57 86 2 4 5 6 7 8 9 10 11 12 13 14 15 16 17 18 19 20 21 22 23 26 27 28 30 31 32 33 34 35 37 38 39 40 41 42 43 45 46 47 48 49 50 51 52 53 54 55 58 59 60 61 63 64 65 66 67 68 69 70 71 72 73 74 75 76 77 78 79 81 82 83 84 85 87 88 89 90 91 92 93 94 96 97 98 99 
58 78 0 1 2 3 4 5 7 8 9 10 11 13 14 15 16 17 18 19 20 21 22 23 24 25 26 27 28 30 31 32 33 34 35 37 39 41 42 43 44 45 47 49 50 51 52 56 57 59 60 61 63 67 68 69 71 73 75 77 78 79 80 81 83 84 85 86 87 88 89 90 91 92 94 95 96 97 98 99 
59 79 0 1 2 3 4 5 6 8 10 11 12 14 15 16 17 18 20 21 22 23 25 26 27 28 29 30 31 32 33 35 36 38 39 40 41 45 46 47 49 50 51 53 54 55 56 57 58 60 61 63 64 65 66 67 68 69 70 71 73 74 75 77 78 79 80 81 82 86 87 88 89 90 91 92 93 94 95 96 97 
60 76 0 1 3 5 6 7 8 9 10 11 12 13 14 15 17 19 20 21 22 23 24 25 26 27 28 29 30 32 34 38 39 40 42 44 45 46 47 49 51 52 53 54 55 57 58 59 61 62 63 64 65 66 68 70 71 72 73 74 75 76 77 78 79 81 82 83 86 87 89 90 91 92 93 94 97 98 
61 83 0 1 3 4 5 7 8 9 11 12 13 16 17 18 19 20 21 22 23 24 25 26 27 28 29 30 31 32 33 36 37 38 39 40 41 42 43 44 45 46 47 49 50 52 53 54 55 57 58 59 60 62 63 64 65 66 67 68 69 70 71 72 73 74 75 76 79 80 81 82 83 85 86 87 88 89 90 91 93 94 97 98 99 
62 87 0 1 2 3 4 6 7 8 9 10 11 12 13 14 15 16 17 18 19 20 21 22 23 24 25 26 27 29 30 31 32 33 35 36 38 39 40 42 43 44 45 46 47 48 49 50 51 52 53 55 56 57 58 60 61 63 65 66 67 68 69 70 72 73 74 75 76 77 79 80 81 82 84 85 86 87 88 89 90 91 92 93 94 96 97 98 99 
63 84 0 1 2 3 4 5 6 7 8 9 10 11 12 13 15 16 17 18 19 20 21 23 24 25 26 27 28 29 31 32 33 34 35 36 37 38 41 42 43 44 45 46 47 49 50 51 52 53 54 55 57 58 59 60 61 62 64 65 66 69 70 72 73 75 76 77 79 80 81 82 83 84 85 86 88 89 90 91 92 93 95 96 97 99 
64 80 0 1 2 3 4 5 6 7 8 9 10 11 12 14 15 16 17 18 19 20 21 23 24 25 26 27 29 30 31 32 33 34 35 36 37 38 39 40 41 42 43 44 46 47 48 51 54 55 57 58 59 61 62 63 66 67 68 70 71 72 73 74 75 76 78 79 82 83 84 85 86 87 88 89 92 93 94 95 96 98 
65 82 0 4 5 6 7 8 9 10 11 12 13 14 15 16 17 18 19 20 21 22 23 24 25 27 28 29 30 31 32 33 34 35 36 37 38 39 40 41 42 44 45 49 51 52 53 54 55 56 59 61 62 63 64 66 68 69 70 71 72 73 74 76 77 78 79 80 83 84 86 87 88 89 90 91 92 93 94 95 96 97 98 99 
66 78 0 1 2 3 4 5 6 7 8 9 10 11 14 15 16 17 18 20 21 23 25 26 27 28 29 31 32 34 35 36 37 39 41 42 43 44 45 46 47 48 49 50 51 53 54 56 58 60 61 63 64 65 67 68 70 71 72 73 74 75 76 77 82 83 84 85 86 87 88 89 90 93 94 95 96 97 98 99 
67 76 0 1 2 3 4 5 6 7 9 10 12 13 14 17 19 20 22 23 25 26 27 28 29 30 31 32 33 35 36 38 40 41 43 44 45 46 47 49 51 52 53 55 59 60 61 62 63 64 65 68 69 71 72 73 74 75 76 78 79 80 81 82 84 86 87 88 89 90 92 93 94 95 96 97 98 99 
68 78 0 3 4 5 6 8 9 10 11 12 13 14 15 16 17 18 20 22 23 25 27 28 29 30 32 34 35 36 40 41 43 44 45 46 47 48 49 50 51 52 54 55 56 58 59 60 61 62 63 65 66 67 69 73 74 75 76 77 78 79 80 81 82 83 84 85 86 87 90 91 92 93 94 95 96 97 98 99 
69 76 2 3 4 5 6 7 8 10 11 12 13 14 15 16 18 19 21 23 24 25 26 27 28 29 30 31 33 34 35 37 38 39 40 41 42 46 47 48 49 51 52 53 54 57 59 60 61 62 63 65 67 68 70 71 72 73 75 76 78 79 80 81 82 83 85 86 87 88 89 90 91 92 94 95 97 98 
70 80 0 3 4 5 6 8 9 10 12 13 15 16 17 18 19 20 21 22 23 24 26 27 28 29 31 32 33 34 35 36 37 38 39 40 41 42 43 44 46 47 48 49 50 51 52 53 54 55 56 57 59 60 61 62 63 65 66 68 72 73 75 76 78 79 80 81 82 83 84 85 86 88 89 90 92 93 94 95 97 98 
71 83 0 2 3 4 5 6 7 8 9 10 11 12 13 14 15 16 17 18 19 20 21 22 23 25 27 28 29 30 31 32 33 34 35 36 38 40 41 43 45 46 47 48 50 54 55 56 57 58 60 61 63 64 65 66 67 68 70 72 73 74 75 76 77 79 80 81 82 83 84 86 87 88 89 90 91 92 93 94 95 96 97 98 99 
72 77 0 1 2 3 4 5 6 7 9 10 11 12 13 14 16 17 18 20 21 22 23 24 25 28 29 32 33 34 35 36 37 38 40 41 42 43 44 45 46 47 48 50 52 53 54 55 56 57 59 60 61 62 63 65 66 67 68 69 71 74 75 76 80 81 85 86 87 88 89 90 91 92 94 95 96 98 99 
73 83 0 1 2 3 4 7 8 9 11 12 13 15 16 17 18 19 20 21 22 24 25 26 27 28 29 30 31 32 33 37 38 39 40 41 42 43 45 46 48 50 52 53 54 56 57 58 59 60 61 62 64 65 66 67 68 69 70 71 72 75 76 77 78 79 80 81 82 83 84 85 86 87 88 89 90 91 92 93 94 95 96 97 99 
74 78 0 1 2 3 5 8 9 10 11 12 13 14 15 16 18 19 20 21 23 24 25 26 27 29 30 31 34 35 36 37 38 39 40 41 42 43 45 46 47 48 49 50 51 52 54 55 56 57 58 61 62 64 65 66 68 70 72 73 75 76 77 78 79 80 82 83 85 86 87 88 89 90 92 94 95 97 98 99 
75 84 0 1 2 4 5 8 9 10 11 12 14 15 16 17 18 20 21 22 23 25 26 27 29 30 31 32 33 34 35 36 37 38 40 41 42 43 44 45 46 47 48 49 50 51 52 53 54 55 56 57 60 61 62 63 64 65 66 67 68 70 72 73 74 76 77 79 80 81 82 83 84 85 86 87 88 89 90 91 92 93 94 96 97 99 
76 76 0 1 2 4 5 6 7 8 9 10 11 12 14 15 16 17 18 21 22 23 24 26 27 28 29 30 31 33 34 36 37 38 41 43 44 46 48 49 50 51 52 53 54 56 57 58 59 61 62 64 65 66 68 69 71 72 75 78 80 81 83 84 85 86 87 89 90 91 92 93 94 95 96 97 98 99 
77 82 2 3 5 6 7 9 10 11 12 13 14 15 17 18 19 20 21 22 23 24 26 27 28 29 32 33 34 35 36 37 38 39 40 42 44 45 46 47 48 49 50 51 52 53 54 55 56 57 59 60 61 62 63 64 65 66 67 68 70 71 72 73 74 75 79 80 81 83 84 86 87 88 89 90 91 92 93 94 95 96 98 99 
78 73 0 2 3 4 5 6 7 9 10 11 13 15 18 19 21 22 23 24 26 27 28 29 34 35 37 38 39 40 41 42 43 44 45 48 49 50 52 53 55 56 57 58 59 60 61 62 64 66 68 69 70 71 72 73 74 76 77 79 81 84 85 86 87 88 91 92 93 94 95 96 97 98 99 
79 79 0 1 2 3 4 5 6 7 8 9 14 16 18 19 20 21 22 23 24 26 27 28 31 32 33 34 35 36 37 38 40 41 42 44 45 46 49 50 51 52 53 54 55 57 58 59 60 61 62 65 66 68 69 70 71 72 73 74 75 76 77 78 80 81 82 83 84 85 86 87 89 90 91 93 94 96 97 98 99 
80 82 0 2 3 4 5 6 7 8 9 10 11 12 13 15 16 17 18 19 21 24 25 26 27 28 29 30 31 32 33 34 35 36 37 39 40 41 42 43 44 45 46 47 49 51 53 54 56 57 58 59 62 63 64 65 66 67 68 69 71 73 74 75 76 77 78 79 82 83 84 86 87 88 89 90 91 93 94 95 96 97 98 99 
81 77 0 1 2 3 5 6 8 10 12 13 14 15 17 18 19 21 22 23 24 25 26 27 28 30 31 32 33 34 35 36 38 39 42 43 45 46 47 50 51 52 53 54 55 57 58 59 60 61 62 63 64 67 68 69 70 71 72 73 74 75 76 78 79 83 84 85 86 87 89 90 91 93 94 95 97 98 99 
82 86 0 1 2 3 4 5 6 7 8 10 11 12 14 15 16 17 18 21 22 23 24 25 26 27 29 30 31 32 33 34 36 38 39 40 41 42 43 44 45 47 48 49 50 52 53 54 55 56 57 58 59 60 61 62 63 64 65 66 68 69 70 71 72 73 74 75 76 78 79 80 81 83 84 85 86 87 88 89 90 91 92 93 95 97 98 99 
83 80 0 1 2 4 5 6 7 8 9 10 12 13 14 15 16 17 18 20 21 22 23 25 26 27 29 30 33 34 35 36 37 38 39 40 41 45 46 48 49 51 52 53 54 55 56 57 58 60 62 63 64 65 67 68 69 70 71 72 73 74 75 76 77 78 80 81 84 85 86 87 88 89 90 91 92 93 95 97 98 99 
84 78 0 2 3 4 6 7 8 10 13 14 15 16 19 20 22 23 24 25 26 27 28 29 32 33 34 35 36 37 38 39 40 41 42 43 44 45 46 47 48 49 50 51 52 53 54 55 57 59 60 61 63 64 65 67 68 69 70 74 75 77 78 80 81 83 85 86 87 88 89 90 91 92 93 94 96 97 98 99 
85 82 0 1 2 3 4 5 6 7 8 9 10 11 12 14 15 16 17 18 19 20 21 22 24 25 26 27 28 29 30 31 34 35 38 39 40 42 43 44 45 46 47 48 50 51 52 55 56 57 58 59 60 62 63 64 65 66 67 68 69 70 71 72 73 74 75 76 77 78 79 81 82 83 84 86 87 88 90 92 93 95 96 99 
86 80 1 2 3 4 5 6 7 8 9 10 12 14 15 16 17 18 20 21 23 24 27 28 29 30 31 32 33 34 36 37 38 39 40 41 42 43 44 45 46 47 48 49 52 54 56 59 60 61 62 63 64 65 67 68 69 70 71 73 74 75 76 78 80 81 82 83 84 85 88 89 90 91 92 93 94 95 96 97 98 99 
87 75 0 1 2 4 5 6 7 11 13 15 16 17 19 20 22 23 24 25 26 27 28 29 30 31 32 33 34 36 37 38 39 40 41 44 45 46 47 48 50 53 55 56 57 58 60 62 63 64 65 66 67 68 70 71 72 74 76 77 78 79 80 81 83 84 85 86 88 89 90 91 93 94 95 98 99 
88 81 0 1 2 3 4 5 8 9 12 14 15 16 18 19 20 21 22 23 24 25 27 28 30 31 32 33 34 35 36 37 38 40 41 42 44 46 47 48 49 50 51 52 53 54 55 56 57 58 59 60 61 62 65 66 67 68 70 71 72 73 74 75 77 78 79 80 81 83 84 86 87 89 90 91 93 94 95 96 97 98 99 
89 81 0 1 3 4 5 6 7 8 9 10 12 13 15 16 17 18 20 21 22 23 24 25 26 27 28 29 30 31 32 33 34 35 37 38 39 40 41 42 45 47 49 50 51 52 53 54 55 56 57 58 59 60 61 62 63 65 66 67 68 69 73 74 75 76 77 79 80 81 82 83 84 85 86 87 88 90 92 95 96 98 99 
90 84 1 2 3 6 8 9 10 11 12 14 15 17 18 19 20 21 22 23 24 25 26 28 29 30 31 32 33 36 37 39 40 42 43 44 45 46 47 48 49 50 51 53 54 55 57 58 59 60 61 62 63 64 65 67 68 69 71 72 73 74 75 76 77 78 79 80 81 82 83 84 85 86 87 88 89 91 92 93 94 95 96 97 98 99 
91 81 0 1 2 3 4 5 6 7 8 10 11 12 13 14 15 16 18 19 21 22 23 24 28 29 30 31 33 34 35 37 39 40 41 43 44 46 47 49 50 51 52 53 54 55 56 57 58 59 60 62 63 64 65 66 67 68 69 71 72 74 76 77 78 79 80 82 83 84 85 86 87 88 89 90 92 93 94 95 96 97 99 
92 85 0 1 3 4 6 8 9 10 11 12 14 15 16 18 20 21 22 23 24 25 26 27 28 29 31 32 33 34 35 36 37 38 39 40 41 42 43 44 45 46 47 49 50 51 52 53 54 55 56 58 59 60 62 63 64 65 66 67 68 69 70 71 72 74 75 76 77 78 79 80 81 82 84 85 87 88 89 90 91 93 94 95 97 98 99 
93 80 0 2 3 5 6 8 9 10 12 13 14 15 17 18 19 20 22 23 24 25 26 27 28 29 30 31 32 33 35 37 38 39 40 43 44 45 47 48 50 51 52 53 54 55 56 57 58 59 60 61 63 64 66 67 68 69 70 72 73 74 75 76 78 79 80 81 82 83 84 85 86 88 89 90 91 92 94 95 96 98 
94 82 0 1 2 3 5 6 7 8 9 10 11 12 13 15 16 19 21 22 23 25 26 27 28 29 30 31 32 33 34 35 36 37 38 39 41 43 44 45 46 47 48 49 50 51 52 53 55 56 57 58 59 60 61 62 63 64 65 69 70 71 72 73 74 75 76 77 78 79 80 82 83 84 85 86 87 88 89 91 92 93 95 96 
95 83 0 1 2 3 4 5 6 7 8 10 11 12 14 15 18 19 20 21 23 24 25 26 27 29 31 32 33 34 35 36 38 39 40 41 42 43 44 45 46 47 48 49 50 51 52 53 54 55 56 58 59 60 61 63 64 66 67 68 70 71 73 76 77 78 79 80 81 82 83 84 85 86 87 89 90 91 92 93 94 96 97 98 99 
96 77 0 1 4 5 6 7 9 10 11 12 13 14 16 17 18 19 20 21 22 23 25 26 27 28 29 31 33 34 35 36 37 39 41 42 43 44 45 46 47 48 49 51 52 53 54 55 56 57 58 60 62 64 66 67 68 69 70 72 73 74 75 76 77 78 81 83 84 86 87 88 89 90 93 94 95 97 98 
97 80 0 1 2 3 4 5 6 7 8 9 10 12 13 14 15 16 18 19 20 21 24 25 26 27 28 30 32 33 34 35 36 37 38 39 40 41 42 43 44 46 47 48 49 51 52 53 54 55 58 59 60 62 63 65 66 67 70 71 72 73 74 75 76 77 78 79 80 82 84 85 86 87 89 90 91 92 93 94 96 99 
98 80 0 1 2 3 6 7 9 10 11 12 13 14 15 16 18 19 20 21 22 23 24 26 27 28 29 30 31 32 33 35 37 38 39 40 41 43 44 45 46 47 48 49 50 51 52 54 55 57 58 59 60 61 63 64 67 68 69 71 72 73 74 75 76 77 78 80 81 82 83 84 85 86 89 90 91 92 93 94 96 99 
99 84 0 1 2 4 6 9 10 11 14 15 16 17 18 19 20 21 22 23 24 25 26 27 29 30 31 32 33 34 35 36 37 38 39 40 41 42 44 45 46 47 48 49 50 51 52 53 54 55 56 59 61 62 63 64 65 66 68 69 70 71 72 73 74 75 78 79 80 81 82 83 84 86 87 88 89 90 91 92 93 94 95 96 97 98 
