100
0 21 5 6 9 10 17 19 24 36 49 55 57 63 64 73 81 85 90 93 94 96 97 
1 23 9 11 14 17 18 21 23 24 25 31 34 37 39 42 47 48 54 55 70 82 88 91 99 
2 23 3 4 6 8 15 16 17 18 25 31 32 40 45 50 54 67 70 72 80 84 85 90 96 
3 21 5 11 36 38 39 44 48 51 59 60 62 67 73 75 83 90 94 96 97 98 99 
4 17 2 22 30 33 38 39 43 50 53 57 64 66 81 84 86 91 98 
5 24 2 3 19 22 24 28 31 34 35 37 39 46 50 58 60 63 64 68 73 78 81 89 91 96 
6 17 0 9 11 12 18 22 28 60 61 65 68 74 77 79 81 82 94 
7 16 8 12 14 15 18 20 32 37 51 52 55 56 74 86 89 93 
8 20 2 17 20 46 47 51 57 59 61 63 66 68 69 81 83 84 86 88 96 99 
9 16 2 3 5 7 8 11 20 25 29 43 46 57 62 65 76 94 
10 24 8 13 14 22 30 36 37 40 46 47 49 51 61 63 66 70 80 82 84 85 86 91 92 97 
11 23 0 2 6 7 16 22 33 36 38 41 43 44 45 51 56 57 59 64 73 74 75 81 95 
12 20 7 9 19 22 29 30 41 45 56 57 62 64 65 67 79 81 83 88 94 97 
13 21 0 4 6 7 12 14 26 30 38 45 46 47 51 52 54 55 58 75 82 87 95 
14 21 5 8 21 25 27 32 34 41 45 55 60 61 68 69 74 76 82 90 94 96 99 
15 15 2 6 9 11 13 17 38 48 54 68 80 85 88 97 99 
16 22 7 11 13 15 18 22 28 30 34 35 39 40 52 53 59 66 73 79 80 86 90 96 
17 27 1 13 24 26 29 35 36 37 45 47 48 52 54 56 60 61 63 67 71 74 77 82 85 89 91 94 97 
18 25 1 4 8 12 14 16 19 23 24 38 44 47 48 51 55 63 64 67 71 76 80 81 82 83 88 
19 22 3 7 9 11 13 28 31 36 38 40 42 43 50 53 57 59 68 77 79 86 92 94 
20 17 2 9 13 16 19 21 26 49 55 59 63 80 81 88 93 96 98 
21 17 9 13 16 20 27 29 39 50 52 55 66 71 77 93 94 98 99 
22 30 1 2 6 11 20 23 27 28 32 35 36 40 41 44 47 49 52 55 57 58 60 65 70 75 84 87 89 90 91 99 
23 19 2 4 7 8 11 12 18 21 25 35 41 42 55 64 67 69 79 82 88 
24 21 7 26 28 32 34 37 38 42 44 45 51 56 60 65 74 78 79 84 90 92 99 
25 29 2 3 8 17 22 24 30 31 33 35 39 44 48 49 55 58 66 69 70 72 75 79 80 81 85 86 87 96 99 
26 19 0 2 6 7 10 13 19 28 32 38 49 54 67 74 76 82 84 85 88 
27 25 1 6 7 8 12 17 21 29 38 39 41 44 46 50 51 54 55 62 66 72 76 86 87 91 96 
28 30 1 4 5 7 11 14 18 19 20 23 25 26 29 33 35 38 45 47 51 58 61 62 67 68 73 74 79 83 87 98 
29 20 10 12 13 14 16 18 20 25 27 30 49 50 54 72 75 77 79 83 95 99 
30 15 20 22 31 43 55 58 62 64 66 71 80 82 86 89 90 
31 19 2 3 8 9 18 21 25 34 40 46 50 52 56 62 75 87 89 95 96 
32 29 1 7 9 15 16 17 18 20 21 26 37 43 45 48 52 54 56 57 59 61 66 67 68 69 73 87 91 94 99 
33 14 1 2 3 20 39 47 53 54 66 69 73 79 82 97 
34 22 1 8 24 31 32 36 38 41 44 51 52 56 61 63 74 76 79 80 81 82 88 96 
35 17 19 20 27 29 30 33 34 61 62 68 69 83 86 87 89 92 93 
36 24 2 3 4 6 9 14 23 26 30 35 38 41 42 43 46 47 71 76 77 84 88 93 98 99 
37 10 1 18 21 39 41 46 47 59 62 73 
38 18 4 7 21 22 24 32 35 45 47 52 53 57 58 61 74 86 89 98 
39 20 8 15 19 20 21 27 48 54 56 58 61 62 77 80 82 87 88 93 94 96 
40 18 2 5 10 13 28 29 32 33 39 46 49 50 52 57 60 62 69 97 
41 21 1 3 8 22 23 36 43 50 57 58 59 66 70 73 74 77 79 80 93 94 95 
42 20 22 25 26 28 34 36 38 39 41 43 44 46 53 56 60 66 73 76 80 98 
43 26 3 5 7 8 11 13 16 21 31 33 35 47 51 52 53 61 63 66 76 79 80 82 86 92 93 99 
44 21 1 3 12 16 32 42 43 48 53 55 57 61 67 69 73 82 87 88 93 96 99 
45 17 18 21 26 27 30 31 42 50 51 54 57 64 70 86 94 95 98 
46 21 3 6 16 21 35 37 43 48 59 65 67 75 76 79 81 87 89 92 94 95 98 
47 23 1 13 21 23 28 29 30 31 36 37 38 39 49 53 59 61 67 68 82 86 87 94 98 
48 18 4 7 18 19 22 27 39 40 43 51 71 76 85 89 92 93 96 98 
49 21 0 2 21 23 28 29 43 44 51 52 54 56 59 68 74 75 80 83 94 95 96 
50 24 4 5 9 21 22 26 33 38 39 40 43 45 51 52 55 58 64 76 79 86 89 90 91 97 
51 24 2 6 8 11 13 21 22 27 35 38 39 40 43 48 53 75 78 82 87 88 92 94 96 98 
52 15 0 1 5 8 27 33 40 43 53 58 66 82 86 92 93 
53 21 3 6 12 17 18 25 34 35 40 42 44 51 60 65 66 67 69 78 82 97 99 
54 20 0 2 5 18 21 22 25 29 31 59 70 72 79 81 83 84 86 92 97 99 
55 16 1 4 8 13 16 20 26 44 48 65 75 80 82 90 97 99 
56 24 1 5 8 9 14 15 24 25 27 33 34 41 58 60 61 73 75 79 87 89 90 95 96 99 
57 15 2 8 16 20 26 28 33 36 65 69 77 79 88 91 98 
58 19 2 16 32 42 44 49 50 55 60 76 77 80 85 87 88 90 92 95 96 
59 18 3 6 8 13 16 19 24 25 28 32 41 42 46 50 63 75 84 91 
60 26 1 4 5 11 12 26 27 28 34 38 42 45 48 50 52 54 64 65 66 76 77 82 83 85 94 98 
61 18 0 6 18 19 20 31 35 37 43 44 46 51 54 72 74 80 90 95 
62 32 0 8 14 20 22 23 24 27 33 34 42 45 46 50 51 56 63 67 68 71 74 78 79 81 84 87 88 89 90 91 97 98 
63 20 2 12 14 21 25 31 35 36 37 40 41 45 57 60 64 65 66 68 69 74 
64 26 0 2 4 9 13 14 20 26 27 30 33 41 42 43 47 53 66 70 72 77 79 86 88 90 96 97 
65 17 9 14 15 24 26 27 34 35 38 41 43 44 49 58 72 79 94 
66 16 26 27 28 38 48 51 64 65 69 74 77 80 82 86 91 98 
67 24 0 3 5 9 12 25 28 30 32 33 36 40 48 58 62 65 70 74 76 81 84 89 97 98 
68 17 1 9 13 20 21 32 33 42 46 50 52 55 69 71 75 83 94 
69 17 13 14 15 22 25 30 36 38 42 45 51 52 56 65 67 71 80 
70 16 6 7 10 22 27 32 35 55 74 76 81 82 84 85 89 95 
71 20 3 13 16 27 29 35 36 37 38 44 48 54 57 60 63 69 79 82 84 87 
72 19 3 14 24 30 31 38 39 46 48 52 55 59 61 73 76 77 80 83 93 
73 19 8 15 16 17 24 26 28 32 35 38 39 51 68 69 70 76 85 93 95 
74 19 0 1 3 5 11 19 24 36 42 44 67 70 72 78 80 89 92 93 99 
75 19 0 4 6 7 8 30 33 44 50 55 57 66 71 76 78 83 84 88 97 
76 19 2 9 10 16 19 37 38 40 43 53 54 63 65 69 71 77 85 91 98 
77 20 4 6 9 11 17 24 25 28 35 38 41 59 63 67 80 84 92 93 94 98 
78 19 0 1 6 8 9 11 16 32 40 48 57 62 64 66 69 72 89 90 97 
79 14 1 3 9 16 21 32 35 38 42 50 69 73 89 96 
80 13 5 8 16 25 26 32 43 47 62 76 83 88 93 
81 15 4 8 21 29 38 41 43 44 64 69 70 83 86 94 97 
82 19 7 11 14 23 27 33 40 43 45 46 48 55 56 63 71 78 85 88 92 
83 25 2 4 5 10 14 17 20 24 26 29 30 34 43 46 55 60 67 69 70 71 75 77 85 87 96 
84 25 0 3 6 7 10 12 13 18 23 25 36 40 42 45 48 53 54 57 59 68 69 80 87 89 94 
85 23 0 2 3 16 17 23 31 34 38 40 46 49 50 59 62 67 68 69 72 73 87 90 91 
86 23 0 10 18 20 22 24 27 28 44 45 52 53 54 57 61 63 64 65 66 71 74 81 88 
87 17 3 5 8 10 15 21 27 31 34 46 63 70 76 77 82 84 92 
88 25 7 9 16 18 23 27 29 31 35 41 50 52 53 54 64 66 69 72 75 77 78 83 84 86 90 
89 18 2 3 6 16 20 31 45 48 50 51 62 64 67 68 75 84 93 98 
90 16 17 21 26 30 36 43 47 54 58 67 72 74 77 88 92 94 
91 15 3 4 13 15 19 21 32 35 38 52 54 57 66 90 93 
92 14 17 33 39 54 56 58 74 75 77 79 80 87 93 97 
93 25 3 4 13 22 25 27 31 34 36 38 41 42 43 46 47 49 54 56 57 59 68 72 74 80 84 
94 19 2 5 14 16 20 24 32 46 48 50 55 59 66 68 77 78 83 85 91 
95 20 7 26 28 35 52 56 61 64 65 68 73 76 77 78 79 80 83 84 88 92 
96 19 15 16 19 24 27 31 39 46 47 50 56 62 65 66 68 72 75 78 92 
97 23 4 5 10 15 17 22 29 30 33 36 44 49 58 61 66 70 71 72 77 85 86 94 96 
98 25 8 9 13 18 19 20 21 24 27 30 32 38 40 57 60 61 74 77 79 81 82 89 92 94 99 
99 23 5 6 18 21 28 34 43 51 61 62 65 73 74 75 77 80 81 82 87 89 90 93 95 
