100
0 20 1 2 15 32 35 36 37 44 55 68 69 70 71 72 78 82 86 89 93 94 
1 23 7 9 12 14 17 18 35 38 40 59 60 61 72 75 80 81 85 86 89 91 93 96 97 
2 14 26 35 39 45 51 52 54 56 69 70 80 86 94 96 
3 17 2 7 16 21 25 26 28 38 43 59 68 75 76 91 92 94 98 
4 22 0 11 14 18 24 25 33 34 35 39 59 63 72 75 76 83 84 85 87 91 94 97 
5 16 1 16 17 34 37 52 61 62 63 64 66 74 76 77 78 80 
6 16 1 4 13 17 18 21 31 34 38 43 47 72 81 82 92 96 
7 19 0 1 8 10 12 16 29 33 46 57 59 63 64 69 70 72 78 88 89 
8 20 6 7 19 20 30 34 41 44 51 54 58 72 75 79 80 82 84 85 95 97 
9 16 0 1 5 20 24 40 41 42 43 46 51 53 68 70 80 89 
10 18 8 9 16 23 26 28 30 37 54 62 64 65 68 72 77 86 89 96 
11 15 10 16 24 40 43 50 53 54 66 71 78 82 87 94 98 
12 21 3 4 8 10 13 19 21 23 25 45 48 50 54 59 67 68 69 71 81 93 94 
13 17 0 5 7 33 35 36 46 53 58 60 66 72 78 84 85 86 91 
14 15 1 11 12 37 38 41 50 51 60 64 65 71 82 97 98 
15 15 26 29 31 32 44 55 57 66 70 77 80 84 89 91 92 
16 18 5 30 32 33 36 37 44 47 49 55 57 60 68 81 82 84 91 94 
17 27 6 11 12 18 20 21 24 26 28 30 36 38 39 41 42 43 48 53 54 59 68 73 79 88 89 96 99 
18 15 1 13 15 17 26 27 44 46 55 57 59 60 70 78 91 
19 23 0 3 5 10 22 24 27 30 33 42 50 55 66 67 70 73 75 78 80 81 83 84 89 
20 19 3 5 7 12 15 22 27 36 50 52 55 57 58 73 74 83 93 97 98 
21 19 2 10 22 28 29 33 43 45 46 47 50 51 55 56 63 71 72 78 82 
22 21 1 2 4 7 12 13 23 25 29 30 31 33 44 46 47 61 77 81 83 84 98 
23 23 1 9 10 11 13 16 17 29 33 35 36 40 53 57 61 68 70 71 76 82 85 86 91 
24 12 1 15 21 38 39 44 59 73 81 84 91 94 
25 14 6 7 14 30 32 35 37 43 50 64 69 70 79 97 
26 22 4 5 7 9 10 16 32 38 41 42 53 63 64 66 71 73 78 88 90 95 96 97 
27 20 0 3 28 30 33 35 39 40 43 49 51 53 56 58 65 78 88 89 96 97 
28 22 6 12 14 16 19 34 35 37 44 48 50 54 58 67 70 74 79 81 84 88 96 97 
29 25 6 8 19 20 22 23 26 31 32 38 47 48 50 53 54 59 63 64 69 74 75 80 88 93 95 
30 20 4 5 10 40 43 48 50 60 62 68 70 71 78 79 82 86 88 91 95 98 
31 21 5 10 16 24 29 33 36 44 46 51 52 53 58 59 68 82 84 86 87 91 96 
32 10 5 19 22 29 33 54 61 63 85 99 
33 23 7 9 11 15 18 20 27 29 31 32 38 40 42 46 49 63 76 78 81 86 90 94 99 
34 16 2 9 10 16 25 28 36 46 47 53 57 60 63 68 87 99 
35 22 0 1 2 7 8 12 13 16 37 46 50 54 60 66 68 72 79 82 86 87 90 91 
36 24 7 9 10 18 19 22 26 27 28 30 35 37 38 39 41 47 53 55 56 63 80 91 94 95 
37 16 6 15 20 24 25 41 44 50 54 55 57 62 75 89 91 94 
38 17 2 3 7 8 18 19 21 26 48 55 64 65 75 88 89 96 99 
39 17 5 9 10 23 24 25 27 34 45 64 68 70 71 84 85 87 92 
40 23 0 1 16 19 20 24 25 30 32 36 42 46 57 58 61 65 67 68 75 76 86 88 94 
41 19 8 13 14 15 21 30 31 32 35 42 45 50 59 71 79 85 86 93 96 
42 26 2 4 7 8 9 17 21 23 27 31 38 40 49 60 64 65 69 70 75 82 83 90 92 93 94 96 
43 19 6 17 24 29 30 37 38 39 45 51 59 70 72 75 78 84 85 87 94 
44 17 7 16 19 27 30 34 36 43 52 59 61 65 68 75 92 96 97 
45 23 1 3 13 20 22 23 24 28 49 56 57 62 65 66 68 70 71 76 77 87 89 98 99 
46 20 0 1 7 12 15 17 26 31 35 36 39 44 45 54 57 68 87 92 95 98 
47 20 2 6 16 17 21 26 38 59 62 63 66 73 82 83 85 87 88 89 91 92 
48 18 3 4 11 25 27 37 47 51 53 55 56 79 84 87 88 95 96 99 
49 20 7 15 26 28 33 37 38 39 41 44 46 47 51 52 55 70 82 91 93 99 
50 14 7 13 14 24 27 34 51 57 60 64 67 90 95 98 
51 29 3 7 10 12 13 14 18 27 28 35 39 43 45 57 63 65 66 67 69 71 73 78 80 82 91 92 95 97 99 
52 23 0 3 4 6 11 15 17 20 26 29 34 48 50 53 57 59 63 64 65 68 94 96 99 
53 23 3 18 22 28 29 35 38 48 52 57 58 59 60 62 65 71 74 78 79 80 82 97 99 
54 18 11 12 13 32 36 42 48 53 57 63 65 71 72 83 85 87 95 97 
55 23 10 14 19 20 26 37 40 47 48 51 54 57 62 68 73 74 76 78 82 87 89 90 96 
56 23 0 2 12 13 15 17 18 20 21 35 38 50 53 57 68 73 78 79 81 85 86 90 99 
57 21 3 8 12 14 18 19 20 22 24 28 32 40 47 48 64 65 71 76 87 89 92 
58 23 1 2 3 5 21 26 30 31 36 40 43 46 54 59 60 71 73 77 82 88 92 93 96 
59 22 1 7 9 12 13 18 33 35 40 41 45 65 67 68 72 75 80 83 92 94 96 99 
60 11 0 8 13 20 44 47 61 76 80 91 94 
61 13 6 10 12 26 34 35 62 69 72 73 80 88 92 
62 20 3 18 24 27 29 30 34 39 40 50 57 58 68 76 77 81 82 94 95 97 
63 22 5 7 8 13 16 18 19 23 25 29 35 38 39 64 72 76 83 84 88 90 93 94 
64 21 0 7 9 12 15 29 31 33 42 47 50 52 62 68 69 75 79 80 85 88 93 
65 26 1 5 6 7 8 10 11 13 20 21 27 37 38 40 44 45 50 51 57 69 76 81 82 86 90 97 
66 31 8 9 12 13 16 18 19 20 21 23 24 27 30 35 41 48 49 55 57 60 68 77 80 81 82 87 89 90 93 94 95 
67 18 2 6 21 22 30 42 52 58 61 65 77 78 79 86 89 90 95 98 
68 16 4 7 15 21 23 27 33 36 37 44 56 72 79 84 95 98 
69 18 8 11 14 22 23 25 38 40 51 56 63 66 67 75 82 84 86 89 
70 17 0 2 16 17 19 26 27 29 33 34 39 51 52 55 76 81 86 
71 21 1 6 7 10 13 18 19 35 37 43 48 50 54 60 61 65 66 69 87 90 97 
72 21 5 7 10 11 12 16 33 34 37 38 39 50 55 66 67 69 76 83 88 90 94 
73 24 3 7 10 12 14 18 19 32 35 36 37 39 43 49 57 58 60 63 65 75 77 83 86 98 
74 17 4 7 13 20 21 26 28 29 31 34 40 52 68 69 73 92 97 
75 25 0 9 12 13 21 28 32 34 39 41 45 47 51 56 57 58 63 68 71 73 79 81 83 86 89 
76 19 10 13 16 18 20 32 46 51 57 61 65 67 69 70 77 86 87 88 99 
77 23 1 4 5 7 10 12 23 25 26 27 37 43 53 54 56 57 61 64 69 72 78 88 91 
78 14 8 16 19 23 30 31 40 43 49 50 74 76 80 97 
79 16 4 8 10 29 50 60 61 62 63 68 76 77 83 88 90 98 
80 17 2 8 19 24 25 37 39 50 58 59 66 71 79 82 88 97 98 
81 14 7 14 15 22 23 34 50 53 54 57 62 80 87 95 
82 20 1 3 9 10 14 19 23 30 33 46 53 56 57 62 65 77 83 91 93 99 
83 19 8 31 34 39 45 47 48 52 54 62 64 66 76 77 78 84 85 89 93 
84 19 14 20 31 33 37 39 41 42 44 47 66 70 71 79 80 81 87 88 96 
85 22 4 16 21 24 31 40 45 48 51 52 57 68 72 73 81 87 92 94 95 96 97 99 
86 15 0 1 4 10 33 60 63 68 71 72 75 90 91 93 96 
87 22 4 10 14 15 21 22 23 31 32 33 43 44 46 49 57 59 72 81 88 90 97 99 
88 19 6 14 21 24 33 36 43 48 51 57 58 78 80 83 84 86 87 92 93 
89 22 0 2 14 23 24 26 41 42 46 47 58 61 65 66 75 77 78 84 85 86 93 95 
90 17 3 5 18 21 26 32 38 49 51 53 55 70 74 75 81 91 92 
91 20 0 2 3 10 19 30 32 35 43 46 52 55 58 64 67 76 80 83 88 95 
92 16 0 19 21 23 26 38 39 48 58 60 68 74 80 81 83 88 
93 20 3 7 12 13 14 16 30 31 33 36 37 51 58 62 75 76 83 86 90 92 
94 20 1 15 20 33 41 44 50 56 57 64 65 72 75 79 84 85 86 91 92 99 
95 15 0 22 24 29 41 42 46 47 50 55 61 64 72 76 87 
96 23 4 5 6 10 13 27 30 36 44 49 51 52 53 54 58 70 73 80 85 90 91 93 94 
97 14 3 14 18 27 29 39 41 46 52 67 75 76 82 94 
98 10 32 35 36 42 51 56 72 81 82 83 
99 20 0 6 7 12 14 23 35 37 41 42 45 48 58 59 71 78 79 80 83 98 
