100
0 23 9 11 25 32 35 37 38 40 46 47 48 50 52 71 75 76 77 87 89 90 93 95 98 
1 23 8 12 13 14 15 16 21 22 33 36 38 44 59 60 62 65 71 74 77 79 84 92 97 
2 23 1 18 32 33 37 38 39 41 51 53 56 57 59 80 81 83 86 90 93 95 96 97 98 
3 17 6 11 14 16 20 28 43 53 60 66 72 76 79 85 86 92 99 
4 16 2 7 10 11 13 30 32 33 35 36 50 51 54 57 70 88 
5 21 8 10 11 16 18 26 29 30 31 35 38 45 54 55 62 72 74 75 84 88 98 
6 21 3 4 10 15 20 25 31 40 42 46 47 48 49 56 57 62 68 73 74 87 97 
7 21 1 3 14 15 17 28 34 36 42 53 57 59 61 62 64 69 71 75 81 91 98 
8 13 7 16 25 32 39 46 47 57 62 66 70 90 99 
9 25 0 5 8 12 13 16 19 22 27 35 36 41 44 45 48 49 56 67 69 72 74 84 88 89 94 
10 20 2 4 6 11 12 15 19 22 26 33 38 55 62 64 77 80 88 90 91 97 
11 19 1 4 10 15 16 25 30 34 44 46 50 56 60 61 63 73 74 80 98 
12 22 3 11 15 27 33 36 37 38 39 50 52 53 64 70 73 79 80 82 84 88 92 93 
13 16 0 12 14 16 17 20 24 37 42 44 52 55 74 86 96 97 
14 24 0 1 5 6 11 17 18 19 24 25 30 33 35 38 43 44 45 46 64 72 79 81 87 88 
15 20 13 20 21 24 29 34 38 40 50 53 57 58 66 67 74 89 90 92 93 95 
16 16 18 21 35 40 44 56 61 64 65 72 74 82 85 86 91 94 
17 24 2 12 13 14 16 24 25 27 34 42 43 45 46 50 55 56 60 61 63 75 81 82 94 95 
18 25 0 6 7 8 9 10 12 15 17 20 27 29 30 33 40 54 57 60 64 71 75 76 77 88 92 
19 24 3 4 5 14 15 16 20 23 24 26 27 33 37 41 42 47 59 65 68 69 71 80 84 92 
20 23 8 17 23 24 25 28 34 35 37 42 46 61 62 66 71 75 76 78 79 86 90 92 98 
21 13 1 19 28 29 31 32 34 38 67 78 84 90 98 
22 18 1 2 5 7 15 17 26 29 32 36 56 60 61 63 77 82 93 97 
23 23 11 19 28 30 39 41 42 50 52 57 58 65 68 70 73 76 77 80 82 83 92 96 97 
24 22 1 2 5 10 11 25 26 32 34 37 39 40 41 42 48 50 55 67 68 93 98 99 
25 19 1 8 9 12 17 28 39 42 46 49 59 60 63 64 69 71 78 89 95 
26 21 0 5 15 18 22 24 30 37 42 48 59 64 66 67 74 77 78 86 87 98 99 
27 15 10 18 26 28 31 41 50 54 57 60 62 66 79 84 89 
28 18 9 11 12 22 26 27 32 36 38 49 55 63 81 85 86 92 97 98 
29 16 0 1 14 17 18 37 40 43 45 60 67 70 71 80 83 90 
30 19 0 5 7 9 19 21 29 35 50 58 63 71 72 77 85 88 91 94 95 
31 19 5 7 10 15 19 21 25 36 39 43 57 65 68 70 76 84 86 96 97 
32 22 8 11 16 21 28 35 37 38 41 45 48 52 57 60 64 66 73 82 83 85 87 94 
33 19 3 6 10 13 29 35 38 43 57 58 60 63 67 70 76 79 85 89 91 
34 12 6 13 15 18 25 30 61 64 74 88 91 96 
35 24 2 4 5 6 8 11 18 22 24 28 32 37 38 43 54 57 64 71 74 75 77 84 93 94 
36 24 3 4 7 8 10 11 15 18 19 27 34 37 38 51 52 60 67 70 83 89 90 93 95 96 
37 20 1 2 3 14 18 19 22 23 24 32 33 44 48 53 58 82 91 94 96 99 
38 20 1 2 4 6 8 26 36 39 44 51 52 55 56 57 60 65 73 88 90 92 
39 19 2 5 15 23 30 47 48 54 57 59 63 64 67 75 77 82 89 90 98 
40 22 4 12 14 22 24 27 31 34 42 44 49 50 51 64 65 66 79 80 85 86 87 88 
41 25 0 3 5 20 23 24 33 39 42 43 44 46 48 57 66 70 78 79 82 85 86 91 93 94 98 
42 27 15 25 27 28 32 35 37 46 48 49 54 57 62 64 69 70 71 73 74 75 79 80 82 84 91 93 94 
43 24 0 2 15 16 18 19 20 22 24 32 35 42 44 47 55 56 67 68 74 80 82 85 87 91 
44 20 1 3 4 8 23 26 33 34 35 38 39 45 48 52 53 69 70 72 88 97 
45 16 5 7 11 18 22 25 26 29 31 40 43 65 76 81 84 91 
46 14 9 11 16 34 36 41 42 50 53 54 65 66 87 90 
47 20 0 3 4 16 29 31 36 39 44 46 51 52 54 70 71 72 77 82 87 99 
48 22 10 13 19 22 27 28 29 41 43 47 56 60 62 63 68 72 80 89 90 91 95 98 
49 23 0 4 6 9 12 17 23 25 29 39 56 60 64 65 66 80 82 83 84 85 87 89 97 
50 15 0 1 6 17 30 40 55 61 69 77 83 85 91 94 99 
51 11 9 21 30 32 63 70 72 73 82 90 91 
52 21 1 2 3 7 9 13 14 22 29 31 41 56 57 59 60 61 69 70 79 87 97 
53 18 6 15 21 37 39 48 54 71 73 80 81 83 84 88 92 93 94 99 
54 18 6 10 11 17 21 26 29 42 44 47 50 55 57 65 78 85 90 99 
55 20 14 16 18 19 20 24 29 44 48 50 52 54 59 61 64 71 80 91 92 99 
56 20 0 1 3 4 10 16 23 25 32 34 40 48 51 53 61 74 76 78 82 91 
57 19 0 5 14 20 21 29 36 38 60 62 63 65 67 72 81 85 86 87 97 
58 21 1 3 14 19 21 33 34 35 41 44 46 53 64 67 69 77 86 87 90 95 98 
59 17 2 4 14 20 21 22 23 24 29 32 46 52 58 61 67 73 94 
60 24 4 6 7 9 10 13 16 21 26 27 29 44 48 51 58 65 68 75 78 81 84 88 94 95 
61 24 1 4 7 13 15 20 27 28 29 30 31 32 36 42 44 54 60 68 72 79 80 82 83 85 
62 30 0 1 5 8 9 15 22 26 31 32 33 34 35 36 47 48 53 65 67 76 77 79 80 81 87 88 92 95 96 99 
63 17 12 13 15 17 23 24 41 64 65 66 67 68 76 78 90 95 99 
64 18 11 12 13 16 19 23 29 61 66 67 69 72 78 83 86 90 93 99 
65 18 1 6 7 23 24 26 32 36 38 49 63 69 73 77 79 90 96 98 
66 8 7 11 14 32 38 48 86 91 
67 20 1 9 15 30 36 38 41 43 47 54 57 60 65 68 69 77 78 79 81 97 
68 26 1 2 11 13 18 38 40 41 43 49 50 55 59 66 71 73 74 75 76 81 82 84 85 86 93 97 
69 26 1 2 17 18 19 21 22 30 35 38 39 40 41 42 53 54 56 63 64 67 68 75 81 85 89 90 
70 19 3 8 14 30 33 34 37 43 50 54 63 64 65 69 76 84 86 90 92 
71 14 4 10 11 19 22 24 33 40 42 46 53 64 67 86 
72 25 3 18 19 21 22 23 28 32 43 50 60 63 64 67 71 74 78 79 80 85 87 90 91 97 99 
73 16 0 10 16 22 24 29 33 36 41 49 52 57 58 63 64 69 
74 13 6 7 12 24 34 37 40 48 59 63 83 89 95 
75 17 3 11 13 14 28 31 42 49 51 62 65 70 73 81 87 95 97 
76 14 21 22 26 35 42 43 49 51 53 55 58 62 66 93 
77 21 7 8 18 19 27 29 33 35 43 52 60 62 63 69 72 76 79 81 83 90 96 
78 21 3 5 13 23 30 42 48 53 54 56 61 70 72 74 79 81 84 85 87 95 97 
79 20 0 9 10 11 12 20 21 23 24 29 30 34 55 57 65 82 84 91 94 98 
80 21 5 11 12 24 25 27 29 51 55 56 57 58 61 64 66 68 73 77 78 91 94 
81 15 6 14 18 29 30 39 55 57 61 65 76 80 88 90 99 
82 27 2 5 6 9 23 26 29 30 36 49 54 56 57 61 63 65 69 72 75 77 79 80 84 92 94 96 97 
83 19 3 9 16 19 20 23 24 26 27 37 54 62 78 79 80 82 84 85 97 
84 25 3 9 10 12 20 23 24 28 33 35 41 45 46 50 51 62 64 66 67 68 70 71 82 91 96 
85 21 2 5 8 12 14 16 24 45 48 54 55 58 59 60 65 70 73 76 95 97 98 
86 16 4 9 11 16 17 18 22 45 64 71 75 85 90 94 95 99 
87 20 2 3 14 15 21 24 25 27 29 36 49 55 65 67 69 71 86 92 94 98 
88 21 0 12 24 26 33 38 42 45 48 50 66 68 69 70 71 77 82 83 85 93 99 
89 20 1 2 4 5 6 7 13 15 31 42 51 52 59 62 69 71 76 86 90 97 
90 21 7 10 12 13 20 21 26 32 36 40 41 47 49 51 66 69 73 80 87 89 92 
91 19 5 12 13 24 29 30 40 41 53 58 60 61 62 63 81 85 86 90 97 
92 18 1 2 15 17 18 25 26 36 37 41 43 54 55 64 70 82 86 95 
93 26 0 1 16 21 22 25 27 34 35 36 37 39 48 51 54 57 61 64 67 71 73 76 77 78 90 91 
94 16 2 3 4 15 16 20 38 39 51 54 55 74 81 83 86 88 
95 19 1 7 10 15 23 25 32 35 41 56 57 64 67 70 75 79 83 91 96 
96 24 2 13 14 15 18 25 27 30 36 37 38 41 48 52 53 62 72 73 84 86 88 90 92 94 
97 15 17 25 41 49 50 52 54 60 67 81 83 86 92 95 98 
98 19 2 6 21 22 25 26 34 55 63 65 67 79 83 84 86 87 92 95 96 
99 18 2 9 10 12 19 20 35 37 39 45 51 53 73 76 77 82 93 98 
