100
0 20 4 8 9 10 29 30 42 45 51 52 53 54 55 59 60 72 73 83 95 98 
1 21 11 17 19 23 26 46 47 51 52 53 56 57 61 64 67 71 76 80 88 98 99 
2 17 11 13 24 28 30 32 42 55 61 62 65 74 75 78 87 90 94 
3 22 5 15 16 24 26 27 28 36 37 39 40 46 47 51 56 65 73 85 90 92 93 99 
4 20 13 18 24 25 28 29 30 32 35 38 41 44 48 51 57 62 64 84 85 98 
5 23 0 4 6 7 11 19 27 30 31 34 35 44 53 55 56 65 69 72 80 82 92 96 99 
6 15 1 10 18 23 29 33 36 54 58 67 70 77 78 91 95 
7 19 5 9 13 16 30 33 35 42 48 49 55 60 67 72 77 79 80 91 97 
8 22 9 10 13 19 22 23 30 37 40 48 50 53 54 59 60 62 66 69 75 89 90 92 
9 22 2 3 4 11 13 28 35 36 38 48 49 58 62 64 68 69 71 76 86 91 95 99 
10 20 1 7 18 22 40 41 48 49 54 59 67 68 70 71 81 84 85 87 92 94 
11 13 0 5 14 15 21 32 44 66 69 71 87 93 96 
12 15 11 13 31 34 37 48 52 55 59 67 68 73 77 82 97 
13 16 0 2 4 8 20 21 23 28 34 56 85 86 88 89 92 95 
14 18 4 17 23 26 40 41 42 44 46 57 62 63 65 68 90 91 95 99 
15 22 0 2 3 8 18 26 27 30 32 39 41 43 51 52 53 54 60 64 81 83 87 89 
16 20 3 7 15 25 39 47 50 54 58 59 67 68 73 76 79 85 87 96 97 99 
17 25 2 5 7 10 11 14 27 30 31 40 44 50 51 59 60 63 69 70 75 79 84 85 90 94 96 
18 17 5 7 11 22 26 34 42 52 59 61 66 86 88 93 94 96 97 
19 23 0 1 7 12 15 16 26 29 34 36 40 42 43 46 54 67 74 78 81 85 88 90 98 
20 25 3 5 8 10 21 22 23 26 28 31 35 38 48 55 66 69 70 75 77 78 79 84 87 92 97 
21 20 3 7 8 15 25 30 32 42 47 48 51 53 62 63 66 71 73 74 85 87 
22 18 6 10 12 21 26 28 31 41 47 51 62 75 76 80 87 90 91 98 
23 20 11 13 22 25 26 27 30 40 44 46 47 52 56 58 63 69 76 92 94 95 
24 20 4 12 15 19 20 21 26 27 35 39 42 44 45 63 65 68 69 78 92 93 
25 18 2 21 22 24 29 32 37 45 47 48 50 62 64 72 78 89 93 94 
26 27 0 1 7 12 13 18 20 22 30 36 37 38 47 50 51 54 57 58 63 68 73 74 76 82 84 91 93 
27 18 5 8 21 22 26 30 32 33 40 42 49 53 57 64 71 90 92 95 
28 21 2 10 24 29 31 32 33 35 40 49 55 58 65 66 67 70 71 75 90 96 98 
29 18 6 20 26 35 37 45 47 50 58 61 63 66 68 70 72 74 85 87 
30 23 0 14 15 16 17 25 26 27 35 37 39 43 48 54 59 60 63 67 72 79 81 90 94 
31 18 13 17 18 20 21 24 27 29 41 65 75 76 81 85 86 87 94 96 
32 16 6 7 11 18 20 22 25 35 38 39 42 50 61 64 94 96 
33 27 6 7 11 14 19 20 29 32 36 42 43 57 59 60 61 62 67 70 72 75 82 83 88 92 93 94 98 
34 16 5 7 15 16 20 22 40 41 45 50 55 59 63 64 78 92 
35 14 7 15 26 38 47 48 51 54 64 67 74 95 96 98 
36 17 2 7 11 14 16 31 34 37 52 54 61 65 68 69 79 82 83 
37 19 2 4 9 13 18 22 25 26 32 44 49 52 55 68 76 81 88 95 96 
38 19 10 13 18 20 23 25 29 32 34 39 42 43 47 59 77 83 92 94 96 
39 20 1 2 5 6 18 19 22 28 29 30 40 42 43 55 62 68 72 84 86 99 
40 18 6 7 8 10 11 16 35 44 54 57 59 62 64 69 81 85 91 99 
41 22 0 1 4 7 9 18 20 27 36 39 47 48 56 58 59 63 76 82 88 89 93 94 
42 26 3 4 6 10 12 17 23 26 31 46 47 48 49 50 54 55 68 71 76 77 78 81 82 84 90 98 
43 14 5 15 35 46 52 67 78 87 89 90 91 93 94 96 
44 23 7 8 9 16 24 29 30 32 35 40 42 46 49 52 56 57 58 67 72 76 80 95 96 
45 12 3 8 18 26 30 36 40 58 61 65 74 88 
46 16 0 4 36 40 43 44 45 47 60 63 72 76 82 90 91 92 
47 16 10 11 24 25 35 36 38 60 62 65 72 80 81 86 88 99 
48 19 3 4 5 11 21 30 38 41 42 44 49 51 53 56 75 79 84 85 95 
49 16 1 5 12 16 18 34 36 38 47 52 64 65 73 76 78 92 
50 21 1 12 19 23 31 34 35 39 43 49 53 57 60 63 66 69 72 79 80 84 98 
51 19 6 7 24 28 29 33 35 40 46 48 52 53 61 80 83 85 93 95 99 
52 16 12 21 22 24 51 54 55 56 59 61 79 83 85 91 92 98 
53 22 5 7 12 14 15 19 29 31 34 36 37 47 48 60 62 63 70 77 81 82 88 99 
54 23 0 2 4 7 15 22 27 28 30 33 43 44 47 51 55 56 64 68 69 70 74 80 98 
55 21 5 9 15 17 26 33 36 38 40 44 48 50 51 62 66 74 77 88 93 98 99 
56 22 4 25 26 30 33 41 42 45 49 51 52 63 64 66 69 76 81 90 91 92 98 99 
57 18 8 10 18 20 21 28 34 35 44 50 67 72 77 80 81 89 90 97 
58 29 4 6 10 13 14 19 20 22 23 26 27 28 33 42 47 51 52 54 60 67 70 71 72 83 88 89 91 95 97 
59 16 18 21 22 24 30 43 47 49 50 52 55 68 74 78 90 98 
60 26 1 8 12 15 16 18 19 23 28 30 34 43 54 56 63 65 72 73 74 75 76 77 79 80 84 95 
61 30 1 2 8 9 11 12 13 16 19 20 23 24 26 29 35 36 39 49 51 52 62 64 66 67 68 73 78 80 89 99 
62 19 19 36 37 38 39 45 49 53 58 65 68 70 74 78 81 86 90 92 96 
63 23 10 15 18 19 31 35 36 46 49 58 59 61 68 69 73 74 76 77 78 81 85 88 93 
64 24 2 9 13 14 23 30 31 32 41 43 47 48 54 55 60 61 79 84 85 88 92 93 96 97 
65 15 16 23 45 50 57 58 73 75 76 77 83 85 88 90 91 
66 35 6 7 13 14 19 20 22 23 25 26 38 40 41 42 44 46 47 50 51 52 53 54 61 62 64 65 68 73 77 78 79 80 82 83 97 
67 20 1 3 16 23 30 38 39 41 42 45 55 63 72 84 88 89 90 91 94 96 
68 13 0 3 7 43 62 63 64 67 77 79 82 86 87 
69 24 1 2 4 5 8 12 19 20 21 28 34 37 38 44 48 51 55 62 70 76 78 90 96 98 
70 19 10 13 18 26 27 34 44 50 51 52 58 63 65 68 79 85 90 92 97 
71 16 10 25 30 34 37 39 46 51 55 66 69 83 92 93 94 96 
72 22 9 11 14 16 19 20 27 28 31 33 34 38 43 44 48 49 51 78 81 90 97 98 
73 23 1 11 12 13 23 25 30 39 44 46 55 58 59 62 71 80 83 84 85 86 89 93 97 
74 23 2 4 5 9 12 19 20 23 25 31 34 37 44 51 53 64 72 77 79 85 90 92 98 
75 17 1 7 23 25 26 35 40 42 49 50 69 77 79 88 90 91 92 
76 17 5 8 10 28 29 39 44 45 53 57 79 82 84 87 88 90 92 
77 28 5 6 15 18 23 25 28 30 32 34 41 42 48 56 57 58 59 63 65 71 80 82 83 88 91 92 98 99 
78 17 2 6 10 14 15 28 33 43 46 49 51 55 60 61 84 93 96 
79 13 3 17 20 25 28 46 54 62 65 69 77 93 98 
80 19 6 8 12 15 16 25 27 28 41 44 47 49 51 63 65 78 83 91 92 
81 21 3 11 14 17 19 29 37 38 41 42 49 50 52 53 56 58 61 63 85 98 99 
82 19 8 14 16 23 24 25 29 34 36 38 43 46 65 70 74 76 86 88 94 
83 19 2 7 11 17 24 28 34 42 50 54 59 60 65 70 78 80 93 96 99 
84 22 0 2 4 9 11 20 23 31 32 33 34 36 43 44 48 56 64 73 79 82 83 86 
85 19 10 12 16 26 36 41 46 53 55 60 64 69 72 80 82 84 86 94 97 
86 17 16 17 21 22 26 33 34 36 39 44 56 74 80 81 84 85 88 
87 21 2 9 10 13 19 20 22 25 26 28 33 37 64 66 69 72 84 88 90 93 96 
88 25 1 5 7 10 15 17 26 35 41 44 45 53 58 59 61 62 65 70 75 78 81 82 84 87 94 
89 19 1 4 8 19 24 48 51 52 55 57 61 65 72 75 76 86 87 91 94 
90 24 0 2 11 14 17 19 20 32 33 34 36 42 44 47 48 49 50 59 64 65 72 75 85 96 
91 16 14 17 26 27 28 30 37 48 49 57 58 75 77 78 84 99 
92 21 1 3 4 5 8 11 12 14 17 23 34 39 43 45 46 47 62 69 81 84 99 
93 23 1 3 5 12 16 18 22 25 32 33 35 36 41 45 52 54 59 74 75 78 84 90 91 
94 23 2 9 10 13 21 24 29 32 33 34 40 41 43 57 69 76 80 81 83 85 90 97 98 
95 18 5 7 8 9 15 17 18 30 41 46 55 59 62 67 74 75 85 99 
96 20 2 7 8 11 26 36 37 40 41 45 46 51 58 59 75 89 90 92 93 98 
97 13 0 7 29 31 35 37 51 56 57 58 61 87 99 
98 24 15 16 17 18 19 25 26 29 30 33 47 54 59 66 70 72 77 79 82 85 86 89 91 96 
99 19 3 14 15 18 29 30 31 41 42 47 54 59 62 68 74 76 79 88 93 
