100
0 25 1 4 11 15 18 19 28 34 36 38 42 43 44 52 57 60 64 68 78 90 93 94 95 97 99 
1 19 4 14 16 33 34 37 38 39 43 51 58 65 69 74 76 87 94 97 99 
2 24 1 4 6 7 9 18 27 28 31 37 40 44 51 58 61 63 69 87 88 89 94 95 96 98 
3 20 18 23 24 25 32 37 38 39 41 42 44 46 57 68 71 77 79 87 88 90 
4 27 0 1 2 8 12 14 16 19 22 30 32 34 35 37 39 41 42 47 50 51 52 59 60 63 64 75 95 
5 21 2 8 15 28 31 40 45 56 60 63 67 68 70 76 78 83 84 88 91 95 99 
6 18 4 15 16 19 26 36 40 44 51 55 56 61 65 67 68 70 76 82 
7 19 1 2 5 6 18 31 41 45 48 49 57 68 76 79 84 88 89 93 97 
8 20 2 7 10 11 15 18 22 23 25 26 35 48 78 79 86 87 90 91 94 95 
9 17 1 7 10 13 15 22 26 38 45 48 61 64 70 77 80 82 90 
10 18 5 7 39 41 46 47 48 56 62 68 70 74 75 80 88 90 93 94 
11 21 1 7 17 18 20 30 37 43 44 50 53 62 63 68 74 76 86 89 90 92 93 
12 22 0 5 15 16 22 29 30 31 34 41 48 55 58 59 62 81 85 86 94 95 97 98 
13 31 5 7 9 16 17 21 24 25 28 42 46 48 54 55 58 60 63 64 68 69 74 75 76 81 82 89 91 92 95 96 98 
14 21 4 10 13 20 27 37 39 46 47 55 60 61 64 69 72 74 75 80 81 89 98 
15 20 6 8 19 20 30 33 36 40 46 49 51 52 53 54 66 70 72 83 86 93 
16 23 3 11 13 14 21 22 23 29 31 34 36 42 47 48 55 56 60 65 67 78 85 88 93 
17 20 2 20 21 27 28 33 37 45 54 56 59 77 83 84 86 87 89 95 96 98 
18 19 3 17 19 22 23 25 38 44 51 57 59 61 62 74 75 78 81 86 89 
19 17 1 5 10 14 23 25 28 40 52 53 59 75 84 89 90 96 97 
20 19 1 5 8 13 16 27 37 38 39 40 43 55 62 63 66 82 84 85 97 
21 16 1 23 25 32 37 52 55 56 63 68 69 72 82 86 95 97 
22 23 3 6 10 13 15 21 26 27 34 46 50 52 57 60 64 65 66 68 76 82 88 91 96 
23 22 2 5 6 16 17 18 24 25 30 33 35 42 43 53 62 65 71 85 87 88 89 93 
24 27 2 3 4 8 9 10 14 27 29 33 34 43 48 52 57 59 63 67 71 75 78 80 81 83 87 94 98 
25 18 0 4 9 27 45 46 54 59 62 63 68 74 75 76 84 86 91 97 
26 13 12 15 33 41 42 52 53 59 61 67 88 97 98 
27 15 0 3 21 24 31 35 36 37 52 65 69 72 78 82 98 
28 24 0 9 14 15 17 26 30 32 33 39 48 49 50 59 66 81 82 83 85 89 91 93 94 97 
29 27 1 2 4 5 6 8 9 14 21 27 33 39 51 52 53 62 64 66 70 72 77 81 88 93 94 97 98 
30 18 2 6 17 21 22 33 35 51 54 60 63 75 78 83 84 88 93 95 
31 23 0 4 7 9 14 16 17 22 23 27 35 36 45 57 61 62 63 65 77 84 86 92 98 
32 13 3 6 16 48 56 57 63 65 68 69 87 88 92 
33 19 0 2 12 21 22 25 32 39 42 50 54 60 62 71 72 73 81 87 94 
34 21 3 25 26 31 33 36 40 45 60 66 69 77 78 82 83 85 86 87 92 93 95 
35 24 0 1 7 14 15 22 24 27 33 34 44 50 51 52 57 59 66 70 74 76 77 79 95 96 
36 24 5 6 9 18 19 20 29 32 34 38 39 41 42 46 50 65 69 75 76 77 78 79 85 91 
37 20 2 4 17 22 26 28 32 38 39 47 48 61 66 74 77 84 90 92 95 97 
38 23 2 3 6 11 21 25 27 29 32 39 41 44 45 47 53 56 60 63 73 75 80 88 99 
39 29 3 9 10 12 24 26 28 32 40 45 48 50 54 62 64 65 66 67 68 74 78 81 86 89 92 93 95 96 97 
40 19 1 5 11 12 19 26 34 50 52 59 60 62 64 66 68 71 72 93 98 
41 20 5 12 16 20 22 23 28 34 35 40 45 47 55 60 72 75 76 80 84 93 
42 25 4 5 7 8 11 12 13 16 19 20 22 23 43 47 51 55 66 67 72 77 89 90 92 96 99 
43 22 3 7 8 20 23 34 39 44 45 50 64 65 68 69 72 75 80 81 82 85 86 93 
44 19 4 7 12 14 19 24 25 29 34 36 41 55 57 59 66 72 75 96 99 
45 17 2 8 16 26 29 30 31 33 34 47 53 67 69 75 83 93 95 
46 15 5 9 11 15 32 41 43 45 47 52 70 75 82 86 87 
47 15 0 7 15 28 31 43 49 54 55 62 85 86 96 98 99 
48 19 3 10 13 19 20 21 38 43 46 49 56 66 67 70 76 77 79 81 85 
49 19 7 8 13 14 20 22 30 40 60 62 69 73 81 86 87 89 95 96 97 
50 17 1 2 9 15 36 38 44 46 48 62 65 66 76 78 82 95 97 
51 24 1 2 4 7 8 9 13 16 17 20 22 38 40 44 50 52 57 58 59 70 76 79 88 97 
52 21 5 7 11 13 22 23 25 27 30 32 35 43 44 45 72 75 79 80 83 85 88 
53 27 1 3 4 5 6 7 8 13 16 20 26 27 30 33 34 35 40 45 47 52 55 56 70 79 84 88 91 
54 23 9 14 22 25 26 29 32 36 38 42 43 52 55 68 71 73 76 79 87 89 93 96 98 
55 19 0 4 5 6 10 19 20 23 25 41 44 49 51 56 58 78 81 89 93 
56 14 1 18 37 39 40 48 54 70 79 90 91 97 98 99 
57 18 10 18 29 35 37 42 43 52 55 56 59 66 68 69 76 78 92 93 
58 28 2 3 8 18 26 29 30 32 40 41 42 43 46 47 49 50 51 56 61 66 69 76 80 81 82 85 91 96 
59 28 4 6 9 12 15 16 21 29 30 34 41 43 48 50 52 53 55 67 68 69 72 76 84 85 86 90 95 99 
60 18 2 5 8 9 14 15 19 33 36 38 45 46 51 56 58 85 92 96 
61 19 6 12 16 30 34 44 46 57 64 65 66 82 83 88 92 93 94 95 99 
62 13 3 10 16 23 39 40 41 59 74 75 86 93 94 
63 23 0 1 2 5 11 16 19 20 23 24 26 28 33 52 58 65 67 70 71 78 79 80 98 
64 23 1 6 9 12 13 14 23 27 33 36 39 43 51 52 54 60 61 66 68 69 71 87 92 
65 22 0 3 12 21 30 31 40 42 45 46 51 54 55 61 70 74 80 83 85 88 90 92 
66 15 5 12 15 25 45 49 55 65 68 71 74 81 92 93 96 
67 14 9 11 21 24 26 40 42 44 54 59 61 84 86 87 
68 22 4 6 11 17 28 30 36 44 47 51 61 62 64 66 74 75 80 83 87 88 89 90 
69 22 0 10 15 20 26 27 30 39 43 48 50 53 54 55 59 60 68 77 81 91 93 96 
70 19 0 1 7 12 18 20 26 36 49 56 63 71 72 82 84 85 90 91 93 
71 17 2 5 7 10 16 19 23 28 30 41 44 55 59 63 88 94 98 
72 28 1 5 14 15 20 30 31 34 37 38 42 44 48 49 51 53 58 61 62 63 65 68 80 83 85 89 93 99 
73 21 0 7 8 13 25 33 34 41 43 46 51 61 66 70 74 77 83 84 91 97 98 
74 26 0 3 6 10 12 13 15 16 17 22 24 28 30 31 33 34 39 50 54 57 62 65 69 78 86 96 
75 20 1 3 8 12 13 16 17 19 20 36 37 41 45 52 61 72 77 80 89 90 
76 17 0 4 5 11 13 14 27 30 36 38 45 51 55 64 71 94 96 
77 21 2 7 12 14 18 26 38 39 41 48 49 53 60 62 63 71 79 87 90 93 98 
78 21 2 11 19 21 24 26 28 37 42 44 46 49 52 56 67 75 82 84 93 96 98 
79 21 4 6 10 13 16 19 25 37 39 53 59 60 62 71 72 74 75 82 93 94 96 
80 19 7 10 23 25 31 42 49 54 55 56 59 63 64 65 67 76 91 92 96 
81 20 11 23 24 32 37 48 53 62 64 67 71 74 79 82 86 87 89 91 97 98 
82 26 0 1 3 8 9 19 20 22 24 25 31 38 49 50 51 56 60 63 71 73 75 79 84 90 91 95 
83 21 0 8 16 18 21 24 37 49 50 51 53 64 68 70 71 72 75 78 89 94 99 
84 21 9 18 21 22 28 34 45 49 52 54 59 66 69 78 79 80 88 91 96 97 98 
85 18 1 15 21 25 41 44 47 48 50 53 57 63 70 71 74 75 80 83 
86 17 0 5 6 16 23 26 31 32 36 40 43 49 63 64 67 68 97 
87 28 3 4 9 19 27 29 32 35 36 40 43 45 46 48 51 52 53 54 55 60 65 68 70 73 76 77 79 82 
88 17 3 5 12 13 22 26 33 48 49 56 62 71 72 85 86 91 92 
89 14 0 1 30 35 37 45 63 70 72 76 85 88 90 99 
90 14 7 15 18 26 29 33 42 49 57 63 80 92 94 95 
91 13 4 7 21 30 38 43 50 51 58 60 64 67 90 
92 18 1 7 8 9 18 21 24 34 44 49 58 82 89 90 93 95 97 99 
93 19 0 4 7 11 12 39 44 47 49 50 51 54 59 63 65 80 90 91 98 
94 23 9 10 22 23 33 38 39 45 49 52 53 59 61 64 67 69 70 75 83 84 85 92 96 
95 18 2 8 13 16 17 28 30 33 35 39 48 55 62 71 74 83 84 90 
96 18 11 22 24 30 32 34 38 43 50 60 61 68 69 72 78 80 81 92 
97 17 16 32 35 36 38 47 51 58 62 70 78 84 85 92 94 96 99 
98 20 3 12 15 22 24 41 46 49 60 61 62 65 66 72 73 78 84 85 89 92 
99 18 0 3 4 6 14 18 28 38 44 45 48 53 72 73 87 96 97 98 
