100
0 82 1 2 3 4 6 7 8 9 10 11 14 15 17 18 19 20 21 22 23 24 25 29 30 31 32 33 34 35 36 37 39 40 41 44 45 46 47 49 50 51 53 54 55 56 57 59 60 61 62 63 64 65 66 67 68 69 71 72 73 74 75 76 77 78 79 81 82 83 84 86 87 88 89 90 91 92 93 94 96 97 98 99 
1 84 0 2 3 4 5 6 7 8 9 10 12 13 14 15 16 17 20 22 23 24 25 26 29 30 31 33 34 35 36 38 39 40 41 42 43 44 45 46 47 48 49 51 52 54 55 56 57 59 60 61 62 63 65 66 67 68 69 70 71 72 74 75 76 77 78 79 80 81 82 83 84 85 86 87 88 90 91 92 94 95 96 97 98 99 
2 85 0 1 3 5 6 7 8 9 10 11 12 13 14 15 17 18 19 20 21 22 23 25 26 27 28 29 30 32 33 34 35 38 39 40 41 42 43 44 45 46 47 48 49 50 51 52 53 54 55 56 57 58 59 60 61 62 63 64 65 66 67 68 69 70 71 72 73 74 75 76 78 79 80 81 82 85 87 88 89 90 92 93 95 96 99 
3 71 0 1 2 4 5 6 9 10 11 13 15 17 19 20 21 22 23 24 26 27 28 29 31 35 36 37 39 40 43 44 45 46 47 48 50 51 52 53 54 55 56 57 59 60 61 62 63 65 66 68 69 71 72 77 78 80 81 82 83 84 85 86 87 89 90 93 94 96 97 98 99 
4 80 0 2 6 7 8 9 10 12 15 16 17 18 19 20 21 22 23 24 25 26 27 28 29 30 32 33 35 36 39 40 41 42 43 44 45 46 47 48 49 50 51 52 53 54 55 56 57 58 59 60 61 62 63 64 65 67 68 69 71 72 73 74 75 76 77 81 83 84 85 87 88 90 91 92 93 94 95 96 98 99 
5 81 1 2 4 6 7 8 9 10 11 12 17 18 19 20 21 22 23 24 25 26 27 28 29 30 31 32 33 34 36 38 39 40 41 42 43 44 45 46 47 48 49 50 51 53 54 56 57 58 59 60 62 63 64 65 66 67 68 69 71 73 74 75 77 78 79 80 81 82 84 85 86 89 90 91 92 93 94 95 96 97 99 
6 80 0 1 2 3 4 5 7 8 9 10 11 12 16 17 20 22 23 24 26 27 28 29 31 32 33 34 35 36 38 40 41 42 43 44 45 46 48 49 50 51 53 54 55 56 57 58 59 60 61 62 63 64 65 67 69 70 71 72 73 74 75 76 77 78 80 81 82 83 84 86 87 88 92 93 94 95 96 97 98 99 
7 85 0 1 2 3 5 6 8 9 10 11 12 13 14 15 16 18 19 21 22 23 24 26 27 28 29 30 31 32 33 34 35 36 37 38 40 41 42 43 44 46 47 48 49 50 52 53 54 55 57 58 60 62 63 64 65 66 67 68 69 70 71 72 73 74 75 76 77 78 79 80 81 82 83 84 85 86 90 91 92 93 94 95 96 97 98 
8 75 1 2 3 4 5 6 7 9 10 11 12 13 14 15 16 17 18 22 23 24 25 27 29 31 33 35 37 38 40 42 43 44 45 46 47 48 50 53 54 55 56 57 58 60 61 62 64 67 68 69 71 72 73 74 75 77 78 79 80 81 82 83 84 85 86 87 88 89 90 93 95 96 97 98 99 
9 75 0 1 2 3 4 5 6 8 10 11 12 13 14 15 18 19 20 25 26 27 29 30 31 34 36 38 39 40 41 42 43 44 45 46 47 49 50 51 52 53 54 56 57 58 61 62 63 64 65 66 67 68 69 71 72 74 75 76 77 78 79 80 81 82 83 84 87 88 90 91 93 95 97 98 99 
10 82 0 1 2 3 5 6 7 8 9 13 14 15 17 18 20 21 22 23 25 26 27 28 29 30 31 32 33 34 36 37 38 40 41 42 43 44 45 46 47 48 49 50 51 52 53 54 55 58 59 60 61 62 63 64 65 66 67 68 70 72 73 74 75 76 77 79 80 81 82 84 85 86 87 88 89 92 93 95 96 97 98 99 
11 80 0 1 2 3 4 5 6 7 8 9 12 13 14 15 16 17 18 20 22 23 24 25 26 29 30 31 32 33 34 35 36 39 40 42 43 44 45 46 50 51 52 53 54 56 57 58 59 62 63 64 65 66 67 68 69 70 71 72 73 74 75 76 77 79 80 81 82 83 85 86 87 88 90 92 93 94 95 96 97 98 
12 81 0 1 2 4 5 6 7 8 13 14 15 18 19 20 21 23 24 25 26 27 28 30 31 34 35 36 37 38 39 41 42 43 44 46 47 48 51 52 53 54 55 56 57 58 59 60 61 62 63 64 65 66 67 69 70 71 72 73 74 75 76 77 78 79 80 81 83 84 85 86 87 88 89 90 91 92 93 94 95 96 97 
13 78 0 1 2 4 6 7 8 10 11 12 14 15 17 18 19 20 21 22 23 25 26 27 28 29 31 32 33 34 35 37 38 39 40 41 43 44 47 48 49 50 51 52 54 56 57 59 60 61 62 63 64 65 66 68 69 70 71 73 74 75 77 78 79 80 81 83 85 86 88 89 90 91 92 94 95 97 98 99 
14 79 0 1 2 3 4 5 8 9 10 11 12 13 15 16 17 18 19 20 21 22 23 24 25 26 27 28 29 30 31 32 33 34 36 38 39 40 41 45 46 47 49 50 51 52 53 54 56 58 59 60 61 62 63 64 66 67 68 69 70 71 72 73 76 77 78 79 80 82 83 85 86 88 89 90 91 95 97 98 99 
15 80 1 2 3 4 5 6 7 8 11 12 13 14 16 18 19 21 22 23 25 26 30 31 32 33 34 35 36 37 38 39 40 41 42 44 45 46 47 48 49 50 51 52 53 55 56 57 58 59 60 64 65 66 68 69 70 71 72 73 74 76 77 78 79 81 84 85 86 87 88 89 90 91 92 93 94 95 96 97 98 99 
16 76 0 1 2 3 4 5 8 9 10 11 13 14 17 18 19 20 21 22 24 25 26 29 30 31 32 33 34 35 36 39 42 43 44 47 48 49 50 51 52 53 55 57 58 59 60 62 63 64 66 68 69 70 71 72 73 74 75 76 77 78 79 81 83 84 85 86 87 89 90 91 92 93 95 96 97 98 
17 77 1 2 3 4 5 7 9 10 12 14 15 16 18 20 21 22 23 24 25 26 28 29 31 32 33 35 36 38 39 41 42 43 44 45 46 47 48 49 50 51 53 54 55 56 57 58 59 60 61 63 65 66 67 69 70 72 73 74 75 77 78 80 81 83 85 86 87 88 89 91 92 93 95 96 97 98 99 
18 74 0 1 2 3 4 5 6 7 8 11 13 14 15 16 17 19 20 22 23 25 26 27 28 31 32 34 35 37 39 40 42 43 45 46 47 48 50 52 53 54 55 56 57 58 59 61 62 63 65 66 67 68 69 71 73 75 76 77 80 81 82 83 84 87 89 90 91 93 94 95 96 97 98 99 
19 80 0 1 2 3 4 5 6 9 10 12 13 15 16 18 20 21 22 23 24 25 26 27 28 29 30 31 32 33 35 36 38 39 41 43 44 45 46 47 48 49 50 51 52 53 54 55 56 58 60 61 62 63 64 67 69 70 71 72 73 74 75 77 78 79 80 81 83 84 85 86 87 88 91 92 93 94 95 96 97 99 
20 81 0 1 2 3 4 5 6 7 8 9 10 11 12 13 14 15 16 17 18 19 21 22 23 24 25 26 27 28 29 30 32 33 34 35 36 37 38 40 41 42 46 47 49 50 53 55 56 58 59 60 61 62 64 65 66 67 68 69 71 72 73 74 76 79 81 82 83 84 85 86 87 88 89 90 91 92 95 96 97 98 99 
21 77 2 3 4 8 9 10 12 13 14 15 16 17 18 20 22 23 24 25 26 27 29 30 31 32 33 34 35 36 37 38 39 40 41 42 43 44 45 47 49 50 51 52 53 54 56 57 59 60 61 64 65 66 67 70 71 73 74 76 77 78 79 80 81 82 83 85 86 88 89 91 92 93 94 95 96 97 98 
22 78 0 1 2 3 4 5 6 7 8 9 10 11 12 14 15 16 18 20 21 23 25 27 29 30 31 32 34 35 38 39 40 43 44 46 47 48 49 50 51 52 53 54 55 59 60 62 63 64 65 66 68 69 71 72 73 74 75 77 78 79 80 81 82 83 85 86 87 88 89 90 91 92 93 94 95 96 97 98 
23 79 0 1 2 3 4 6 7 8 9 10 12 13 15 16 17 20 22 24 25 26 27 28 30 31 32 33 34 35 36 37 38 39 40 41 43 44 46 47 48 49 50 51 52 53 55 56 57 58 59 60 62 63 64 65 66 67 68 70 72 73 75 77 78 79 80 81 83 84 86 87 89 90 91 93 94 96 97 98 99 
24 78 0 2 3 5 6 8 9 10 11 12 13 14 15 16 17 18 19 20 21 22 23 25 26 27 28 29 30 31 33 35 36 38 39 40 41 42 44 45 46 47 48 50 51 52 54 55 57 58 59 60 61 65 66 67 68 69 71 72 74 75 76 77 78 79 80 82 83 85 86 88 89 91 92 94 96 97 98 99 
25 80 0 2 3 4 5 7 8 9 11 12 13 14 15 17 19 21 22 23 24 26 27 28 29 30 31 32 33 34 35 36 37 38 39 40 41 43 45 47 48 49 50 51 52 53 56 57 58 59 60 61 63 64 65 66 67 69 70 71 73 74 75 78 79 80 81 82 83 84 86 88 90 91 92 93 94 95 96 97 98 99 
26 85 0 1 2 3 5 6 7 8 11 12 13 14 15 16 17 18 19 20 21 22 23 24 25 27 28 29 31 32 34 36 37 38 39 40 41 42 43 44 45 47 48 49 50 51 53 54 55 56 59 60 62 63 64 65 66 67 68 69 70 72 73 74 75 76 77 78 79 80 81 83 84 85 86 87 88 89 90 91 92 93 94 95 97 98 99 
27 73 0 1 2 3 4 5 7 8 9 11 12 13 15 16 17 19 20 22 24 25 26 30 31 32 33 34 36 38 39 40 41 43 44 45 46 47 48 49 50 52 53 54 55 56 57 58 60 62 63 64 65 66 67 71 72 73 74 76 78 80 81 82 84 85 87 88 90 91 93 94 95 96 97 
28 85 1 2 3 4 5 6 7 8 9 10 11 13 14 15 16 17 18 19 20 21 22 23 24 25 27 30 31 32 33 35 36 37 39 40 41 42 44 46 47 48 49 50 51 52 53 54 55 56 57 58 59 60 61 62 63 64 65 67 68 69 70 71 72 73 74 75 76 77 78 79 80 81 83 84 85 88 90 91 93 94 95 96 97 98 99 
29 88 0 1 2 3 4 5 6 7 8 9 10 11 12 13 14 15 16 18 19 20 21 22 23 24 25 26 27 28 30 31 32 34 35 37 39 40 41 42 43 44 45 46 47 48 49 51 52 53 54 55 56 57 58 59 60 61 62 64 65 66 67 69 70 71 72 73 74 75 76 77 78 79 80 82 83 84 85 86 87 89 90 91 92 93 96 97 98 99 
30 75 1 2 3 5 7 10 13 14 15 16 17 18 19 20 21 22 24 25 26 27 28 29 32 33 35 36 37 39 41 43 44 45 46 47 48 49 50 51 52 53 55 56 59 60 61 62 65 66 67 68 70 71 72 73 74 75 76 77 78 82 83 84 85 87 88 89 90 91 92 93 94 96 97 98 99 
31 79 0 1 2 3 4 5 6 7 9 10 11 12 13 15 16 19 20 21 24 25 26 27 28 29 32 33 34 36 37 38 39 40 41 42 43 44 45 46 47 50 51 52 53 54 55 56 57 59 60 61 62 63 64 67 68 69 71 72 73 74 75 76 77 79 81 82 84 85 86 87 88 89 90 92 93 94 95 97 99 
32 82 2 4 5 6 7 8 9 10 11 12 13 14 15 16 19 20 21 22 23 24 25 26 27 28 29 33 34 35 36 37 38 39 40 41 43 44 45 46 47 48 50 51 52 53 54 56 57 59 60 61 62 63 64 65 66 67 68 69 70 71 72 73 74 75 76 77 78 79 80 81 85 86 87 89 90 93 94 95 96 97 98 99 
33 73 1 2 3 4 5 6 8 12 13 14 15 16 17 18 20 22 24 25 27 28 29 32 34 35 36 37 39 40 41 42 43 44 45 47 48 49 50 51 52 56 57 58 59 60 62 63 64 65 66 67 69 70 71 75 77 78 79 80 81 82 83 85 88 89 90 91 92 93 94 95 96 97 98 
34 74 0 1 2 3 5 6 9 10 11 12 13 14 15 18 19 20 21 22 23 25 26 27 28 29 33 35 38 39 40 43 44 45 46 47 48 49 51 52 54 55 56 57 58 59 60 61 62 63 66 67 69 70 71 72 74 75 80 83 84 85 86 87 88 89 90 91 92 93 94 95 96 97 98 99 
35 82 0 1 2 3 4 5 6 8 12 13 15 16 17 19 20 21 22 23 24 25 26 27 28 29 30 32 36 37 39 40 41 42 43 44 45 47 48 49 50 51 52 53 54 55 56 57 58 59 60 61 62 63 64 65 66 67 68 69 70 71 72 73 75 76 77 78 79 81 82 84 85 86 88 89 90 91 92 93 94 96 97 98 
36 76 0 1 2 3 4 5 6 7 8 9 10 11 13 15 16 18 19 20 21 22 24 25 26 27 29 30 32 33 37 38 39 40 41 42 43 44 45 46 49 50 51 52 53 55 56 58 60 62 64 65 66 67 68 69 70 71 73 74 75 76 77 78 79 80 81 83 84 85 87 88 91 94 95 96 98 99 
37 85 0 2 4 5 6 7 9 10 11 12 13 15 16 17 18 20 21 22 23 24 25 26 27 28 29 30 31 32 33 34 35 36 38 39 41 42 43 44 45 46 47 48 49 50 51 52 53 54 55 57 58 59 60 61 62 63 64 66 67 68 70 71 72 74 75 76 77 79 80 82 83 84 85 86 88 89 90 91 92 94 95 96 97 98 99 
38 80 0 2 3 4 7 8 9 10 11 12 14 15 16 17 18 19 20 21 24 25 26 27 29 31 32 33 34 35 36 37 39 41 43 44 45 46 49 50 51 52 53 54 56 57 58 59 60 63 64 65 66 67 68 69 70 71 72 73 74 75 76 77 78 79 81 82 83 84 85 87 88 89 90 92 93 94 96 97 98 99 
39 81 0 1 3 4 5 7 10 11 12 14 15 16 17 18 19 20 21 22 23 25 26 27 28 29 30 31 32 33 34 35 36 37 38 40 44 45 46 47 49 50 51 52 53 54 55 56 58 59 62 63 65 66 67 68 69 70 72 73 74 76 77 78 79 80 81 82 83 84 85 87 88 89 90 91 92 93 94 95 97 98 99 
40 80 0 1 2 3 4 5 6 7 8 9 10 12 13 14 16 17 18 20 21 22 24 25 26 28 29 30 31 32 33 34 35 36 37 39 42 43 45 46 47 48 49 51 53 54 55 56 57 58 60 61 62 64 65 66 68 70 71 73 74 75 76 77 78 79 81 82 83 84 85 86 87 88 89 92 93 94 96 97 98 99 
41 77 0 1 4 6 8 11 12 13 14 15 16 17 19 20 21 22 23 25 26 27 28 29 31 32 33 34 35 36 37 38 39 40 42 43 44 47 48 49 50 51 52 54 55 56 57 59 60 61 62 63 64 65 66 68 69 70 72 73 78 79 80 81 83 85 86 87 88 89 90 91 92 93 94 95 97 98 99 
42 75 0 2 3 4 5 6 7 9 10 11 13 17 18 20 21 22 23 24 26 27 28 29 30 32 33 34 35 36 37 38 39 40 41 44 45 47 48 49 50 51 52 53 57 58 59 60 61 62 63 65 67 73 74 75 76 77 78 79 80 82 83 84 85 87 88 89 90 91 92 93 95 96 97 98 99 
43 82 0 1 2 3 5 6 7 8 9 10 11 12 13 15 16 18 19 20 22 24 25 26 27 30 31 32 33 34 35 36 37 38 40 42 44 46 47 48 50 51 52 53 54 55 56 57 58 60 61 62 63 64 65 67 69 71 72 73 74 75 76 77 78 79 80 82 83 84 85 87 88 89 90 91 92 93 94 95 96 97 98 99 
44 75 1 2 3 6 7 8 9 12 13 14 15 16 17 18 19 21 22 23 24 25 26 28 29 30 31 32 33 34 36 38 40 41 42 43 45 47 48 50 52 53 56 57 60 61 62 64 65 66 67 68 69 70 71 72 73 76 77 78 79 80 81 82 83 84 85 86 87 88 89 92 93 94 95 96 99 
45 79 0 1 2 4 5 7 8 9 10 11 12 13 14 15 16 17 19 20 21 22 23 24 25 26 27 28 29 30 32 34 35 39 40 42 43 46 48 49 50 51 52 54 55 56 57 58 59 60 61 62 63 65 66 67 68 69 70 71 72 73 75 77 78 79 80 83 86 87 88 89 90 92 93 94 95 96 97 98 99 
46 75 0 1 2 3 4 6 8 11 12 14 16 17 18 19 21 22 23 24 25 26 28 29 31 32 33 34 35 36 37 38 40 41 42 43 44 45 49 50 51 52 53 55 56 58 61 62 64 65 66 67 70 72 73 74 75 76 78 79 80 81 83 84 85 86 87 88 89 90 91 92 94 95 96 98 99 
47 77 0 1 3 4 5 6 7 8 9 10 11 12 14 16 17 18 19 20 21 23 24 25 27 29 30 31 32 34 35 36 37 39 41 42 43 44 45 46 48 49 50 51 52 54 55 57 60 61 62 63 64 65 67 68 69 70 72 74 75 76 77 78 80 81 82 85 86 87 88 89 91 92 93 94 97 98 99 
48 79 2 3 4 5 6 8 9 10 11 12 14 15 16 17 18 20 21 22 25 26 28 29 30 31 32 33 36 37 38 39 40 41 42 44 45 46 47 49 50 52 53 55 56 57 58 59 60 61 62 63 64 65 67 69 70 71 73 75 76 77 79 80 82 83 84 85 86 87 88 89 90 91 93 94 95 96 97 98 99 
49 81 0 1 2 4 6 8 9 10 11 12 13 14 15 16 17 18 19 21 22 23 24 25 26 27 28 29 30 31 33 34 35 36 37 38 40 41 42 43 45 46 47 48 50 53 54 55 56 57 58 59 61 62 63 64 65 66 67 68 70 71 73 74 75 76 77 80 81 82 83 84 86 87 89 90 91 92 93 95 97 98 99 
50 81 0 1 3 4 5 6 7 8 12 13 14 15 16 18 19 20 21 22 23 24 25 27 28 29 30 31 33 34 35 36 37 39 40 42 43 45 46 47 48 49 51 54 55 56 57 58 59 60 61 62 63 65 67 68 69 70 71 72 74 75 76 77 79 80 81 82 83 84 85 86 88 89 90 91 92 93 94 95 96 97 99 
51 84 0 1 2 3 4 5 6 7 8 9 10 11 12 13 14 15 16 17 18 19 20 21 22 23 24 26 27 28 30 31 32 33 34 36 37 38 39 40 41 42 43 44 46 47 48 49 52 54 55 56 57 58 59 60 61 63 64 66 67 68 69 70 71 72 74 75 77 78 79 80 81 82 83 84 85 86 87 88 89 90 91 93 97 99 
52 75 0 2 3 4 7 8 9 11 12 13 14 15 19 20 22 23 24 25 26 27 29 30 31 33 34 35 36 37 38 44 45 46 48 50 51 53 55 56 57 58 59 60 61 63 64 65 66 67 69 70 72 73 74 75 76 77 78 79 81 82 83 84 85 87 88 89 90 91 92 93 94 95 96 97 98 
53 77 0 1 2 3 4 5 6 7 9 10 11 12 14 15 16 17 18 19 20 21 22 23 25 26 27 28 31 33 34 36 37 39 41 43 44 45 46 47 51 52 54 55 56 57 58 60 61 64 65 66 67 68 69 71 72 73 74 75 76 77 78 79 81 82 83 85 86 88 89 90 91 92 94 95 96 98 99 
54 84 0 1 2 4 5 6 8 9 10 11 13 14 15 16 17 18 20 21 22 23 24 26 27 28 29 30 31 32 33 34 37 39 40 41 42 43 44 45 46 47 48 49 50 51 52 53 55 56 57 58 59 60 61 62 64 66 67 68 69 70 71 72 73 74 76 77 78 80 81 82 84 85 86 87 88 90 91 92 93 94 96 97 98 99 
55 86 0 1 2 4 5 6 7 8 9 10 11 12 13 14 15 16 17 18 19 20 21 22 24 25 26 27 28 29 31 32 33 34 35 36 37 38 39 40 41 42 44 45 46 47 48 49 50 51 52 53 54 56 57 58 59 60 62 63 64 65 66 67 68 69 70 71 72 73 75 76 77 78 79 81 82 83 87 89 90 92 93 94 95 96 97 98 
56 83 0 1 2 3 6 7 9 10 11 12 14 15 16 17 18 19 20 22 23 27 28 32 33 34 35 36 37 38 39 40 41 42 43 44 45 46 47 48 49 50 51 52 53 54 55 58 60 61 62 63 64 65 66 67 68 70 71 72 73 74 75 76 77 79 80 81 82 83 84 85 86 88 89 90 91 92 93 94 95 96 97 98 99 
57 71 0 1 2 3 4 6 7 9 11 12 13 14 15 17 18 19 20 21 22 23 24 25 26 27 28 30 31 33 34 35 38 40 41 43 44 46 47 48 49 50 52 53 55 56 60 61 62 63 64 66 67 68 69 70 72 73 74 76 77 82 83 87 88 90 91 92 93 94 96 97 99 
58 80 0 1 2 3 4 5 6 8 9 10 11 12 13 15 16 17 18 19 20 21 24 25 26 28 29 30 31 32 33 35 37 38 40 43 44 46 47 48 49 51 52 53 56 57 59 60 61 62 63 65 66 67 68 69 70 71 72 73 74 75 76 77 78 79 80 81 82 84 85 86 87 88 91 92 93 94 95 97 98 99 
59 76 1 2 4 5 7 8 9 11 12 13 14 15 16 17 18 19 23 25 27 29 30 31 32 33 35 36 37 38 39 41 42 43 44 46 47 48 49 50 51 53 54 55 58 60 61 62 63 64 65 66 68 69 70 71 72 73 74 75 76 77 78 79 81 82 84 85 86 88 89 91 92 94 95 96 97 98 
60 78 0 1 2 3 4 8 9 10 12 14 15 16 17 18 20 22 23 24 25 26 27 28 29 30 32 33 34 36 37 38 40 41 42 44 45 47 48 49 50 51 52 53 54 57 58 59 61 62 63 65 67 68 69 71 72 73 74 75 77 78 79 80 81 82 83 84 85 86 87 89 91 92 93 95 96 97 98 99 
61 80 0 1 2 3 4 6 7 8 9 10 11 12 13 14 15 17 19 20 23 24 25 27 28 29 30 31 32 33 34 35 36 37 38 39 41 42 43 45 46 47 48 49 50 51 53 54 55 56 57 58 60 64 65 66 67 68 69 70 71 74 75 76 77 78 80 82 83 84 86 88 89 90 91 92 94 95 96 97 98 99 
62 79 1 2 3 5 6 7 8 10 11 12 14 15 17 18 19 20 21 23 24 25 26 28 30 31 32 33 35 36 37 39 40 41 42 45 46 49 50 51 52 53 54 55 56 57 58 59 60 61 64 66 67 69 70 71 72 73 75 76 78 79 80 81 82 83 84 85 86 87 88 89 90 91 93 94 95 96 97 98 99 
63 84 0 1 3 4 5 6 8 9 10 11 12 13 14 17 18 19 20 21 22 23 24 25 26 27 28 29 30 31 33 34 35 36 38 40 41 42 43 46 47 48 49 50 51 52 53 54 55 56 57 58 60 61 62 65 66 67 68 69 70 71 72 74 75 76 77 78 80 81 82 83 84 85 86 87 89 90 91 92 93 94 96 97 98 99 
64 83 0 1 3 4 5 6 8 9 10 11 12 13 14 16 17 19 20 21 22 23 24 25 26 27 28 30 31 32 33 34 35 36 37 38 39 41 42 44 45 46 47 48 50 51 52 53 55 56 57 58 59 60 61 63 65 66 67 68 70 71 72 73 75 76 77 79 80 82 83 84 85 86 87 88 89 91 92 93 94 95 96 97 98 
65 80 0 1 2 4 5 7 8 9 11 12 13 14 15 17 18 20 22 25 26 27 28 29 30 31 32 33 34 36 37 38 40 41 43 44 45 47 48 49 50 51 52 53 54 55 56 57 58 59 60 61 62 64 66 67 69 70 71 72 74 75 76 77 78 79 80 81 83 84 85 87 88 89 90 91 92 94 95 96 97 98 
66 76 0 1 2 3 4 5 7 9 10 11 12 13 14 16 17 18 20 22 23 24 26 27 28 29 30 32 33 35 37 39 40 41 42 43 45 46 48 49 50 51 52 53 54 55 56 57 58 59 60 61 62 63 64 65 67 68 69 72 73 75 76 79 82 83 84 85 86 89 90 91 92 93 94 95 96 98 
67 76 0 1 2 3 4 5 6 7 8 10 11 12 13 14 15 16 17 19 20 21 22 23 24 25 26 27 28 29 31 32 33 34 36 37 38 39 40 41 43 45 46 47 48 49 50 53 54 56 58 59 61 62 63 64 66 68 69 70 72 76 78 79 81 82 83 84 85 86 87 88 89 90 92 95 97 98 
68 79 0 1 2 3 4 5 6 9 11 12 13 14 15 16 17 18 19 20 21 22 23 24 25 26 27 28 29 30 32 33 34 35 36 37 38 39 41 42 43 44 45 46 47 48 49 51 52 53 54 55 56 57 58 61 62 64 65 66 67 70 71 73 75 77 78 79 80 81 85 87 88 89 90 91 92 94 95 96 98 
69 83 0 1 3 4 6 8 9 10 11 12 13 14 15 17 18 20 21 22 23 24 26 27 28 29 30 31 32 33 34 35 36 38 39 41 42 44 46 47 49 50 51 52 53 54 55 56 57 58 59 60 61 62 63 64 65 66 68 71 72 73 74 75 76 77 78 79 80 81 82 83 84 85 87 89 90 91 92 93 94 95 96 98 99 
70 75 0 1 2 3 4 5 6 8 9 10 11 12 13 14 15 16 17 18 19 20 21 22 23 25 26 27 28 32 33 34 35 36 38 40 41 42 43 44 45 46 48 49 50 52 53 55 56 57 58 59 60 62 63 64 65 67 68 69 72 73 74 75 76 78 79 81 82 83 84 85 87 91 92 97 98 
71 85 0 1 2 4 5 6 7 8 9 10 11 12 14 15 16 17 18 21 22 23 24 28 29 30 31 32 33 34 35 36 37 39 40 42 43 44 45 47 49 50 51 53 54 55 57 58 59 60 61 62 63 64 65 66 67 68 69 70 72 73 74 75 76 77 78 79 80 81 82 83 84 85 87 88 89 90 91 92 93 94 95 96 97 98 99 
72 75 0 1 3 5 7 8 9 10 12 13 15 16 17 18 20 21 22 23 24 25 26 27 28 29 30 31 32 33 34 35 36 37 39 42 45 47 48 49 50 51 52 54 55 58 59 61 62 63 64 65 66 67 68 70 73 74 75 76 77 78 79 80 81 82 84 85 88 90 91 94 95 96 97 98 99 
73 82 0 1 2 3 4 5 6 7 8 9 11 12 13 15 16 17 18 19 20 21 22 23 25 26 29 30 31 32 33 35 36 38 39 40 41 42 43 44 45 46 48 49 50 51 52 53 54 55 56 58 60 62 63 64 65 66 67 68 69 70 71 74 77 78 79 80 81 84 85 86 87 88 89 90 91 92 93 94 95 97 98 99 
74 76 0 1 2 3 5 7 8 10 11 13 15 16 17 18 19 21 22 25 26 27 28 30 31 32 33 34 35 36 37 38 39 41 42 44 46 47 48 49 50 52 54 55 56 58 59 60 61 62 63 64 65 66 67 69 71 72 73 75 76 77 79 80 82 83 84 85 86 88 89 90 92 93 95 97 98 99 
75 76 0 1 2 3 4 5 6 8 9 14 17 18 19 20 21 22 24 25 27 28 29 30 31 34 35 36 37 39 40 41 42 43 45 47 48 49 50 51 52 54 55 56 57 59 60 61 62 64 65 66 67 69 71 72 73 74 78 79 81 82 83 84 85 86 87 88 89 90 91 92 93 94 95 96 97 99 
76 75 1 2 3 5 6 7 8 10 11 12 13 14 18 19 20 21 22 23 24 25 26 28 29 31 32 33 34 35 36 37 38 39 40 42 43 44 46 47 48 49 51 56 58 59 60 61 62 63 64 65 66 67 68 69 70 71 73 75 77 78 81 82 83 84 86 88 89 90 91 92 93 94 96 98 99 
77 84 0 1 2 3 4 5 6 7 8 9 10 11 12 13 14 15 16 17 18 19 20 23 24 27 28 29 30 31 32 33 34 35 36 37 38 39 40 41 42 43 44 45 46 47 48 53 55 56 57 58 59 60 61 62 63 64 65 66 67 68 69 70 71 73 74 75 76 78 79 80 81 82 83 84 85 86 87 90 91 93 94 95 97 99 
78 86 0 1 3 4 5 6 7 8 9 11 12 13 14 15 16 19 20 21 23 24 25 26 27 28 29 30 32 33 34 35 36 37 39 40 41 43 44 45 46 47 48 49 50 51 52 53 54 55 56 57 58 59 62 63 64 65 66 67 68 69 70 71 72 73 74 75 77 80 82 83 84 85 86 87 88 89 90 91 92 93 94 95 96 97 98 99 
79 86 0 2 3 4 6 7 8 9 10 11 13 14 15 16 17 19 20 21 22 23 24 25 26 27 28 29 30 31 32 33 34 35 37 38 39 40 41 42 43 44 45 46 47 48 49 50 51 52 53 55 56 57 58 59 60 62 63 64 65 66 67 68 70 71 72 73 77 78 80 81 82 84 85 86 87 88 89 90 91 93 94 95 96 97 98 99 
80 79 0 1 2 3 5 6 7 8 9 10 11 13 14 15 16 18 20 21 22 23 24 25 26 28 30 31 32 33 34 35 36 38 39 40 41 42 43 44 45 47 49 50 51 53 54 55 56 57 58 59 61 62 63 65 67 68 69 71 72 75 76 77 79 82 83 84 85 86 87 88 89 90 91 92 93 95 96 97 99 
81 73 0 1 2 3 4 5 6 8 9 10 11 12 14 15 16 18 19 20 21 23 25 26 27 28 29 31 32 34 35 36 38 40 41 42 44 45 46 48 49 50 52 54 55 56 58 61 62 63 64 65 66 67 68 70 71 72 73 76 77 78 82 83 86 87 89 91 92 94 95 96 97 98 99 
82 70 0 1 2 3 6 7 8 9 10 11 12 13 16 17 19 21 22 23 24 25 27 28 29 32 33 34 35 37 38 41 42 43 44 45 47 48 50 53 54 55 56 57 60 62 63 65 66 67 68 69 70 73 74 76 78 80 81 84 86 87 89 90 91 93 94 95 96 97 98 99 
83 80 0 1 3 6 7 8 9 10 12 13 14 15 16 17 18 19 20 21 22 24 25 26 27 28 30 32 33 34 35 36 37 38 39 42 43 44 45 46 47 48 50 51 52 53 54 55 56 57 58 59 60 61 62 63 64 66 69 70 71 72 73 74 75 76 78 79 80 81 82 84 85 87 88 90 91 92 93 94 96 99 
84 79 0 2 3 4 5 6 8 9 10 11 12 13 18 19 20 21 22 24 25 26 27 28 29 30 33 34 35 37 39 40 43 44 45 46 47 48 49 50 51 52 53 55 56 57 59 60 61 62 63 64 66 67 69 70 71 72 73 74 75 76 77 78 79 81 82 83 85 86 87 89 90 92 93 94 95 96 97 98 99 
85 80 0 1 3 4 5 6 8 9 10 11 13 14 16 17 18 19 20 21 22 24 26 27 28 29 31 32 33 34 35 36 38 40 42 44 45 46 47 48 50 52 53 54 55 57 58 59 60 61 62 63 64 65 66 67 68 70 71 72 73 75 76 77 79 80 81 83 84 86 88 89 90 91 92 93 94 95 96 97 98 99 
86 80 0 1 2 3 4 5 6 7 8 9 10 11 12 14 15 18 19 20 21 25 27 28 29 30 31 33 34 35 36 38 39 40 42 43 45 46 47 48 49 50 51 52 54 55 56 57 58 59 63 64 65 66 67 68 69 70 72 73 74 75 76 77 78 79 80 81 82 83 85 87 88 89 91 92 93 94 95 96 97 99 
87 84 0 2 3 4 5 7 8 9 10 11 12 13 14 15 16 17 18 19 21 22 23 24 26 27 28 29 30 31 32 33 34 35 36 37 38 39 40 41 42 43 44 45 46 47 49 50 51 52 53 55 56 58 59 61 62 63 64 65 66 68 69 70 71 72 74 75 77 78 79 80 81 82 84 85 86 88 90 91 93 94 95 96 97 98 
88 83 1 2 3 5 6 7 8 9 10 11 12 13 14 15 17 18 20 22 23 24 25 26 29 30 31 32 33 34 35 36 37 38 39 40 41 42 43 45 46 48 49 50 51 52 53 54 55 56 57 58 59 61 62 63 64 65 66 67 68 69 70 71 72 73 74 76 77 78 79 80 81 82 84 85 86 87 89 90 91 92 93 95 99 
89 85 0 2 3 4 5 6 7 8 9 11 12 13 14 15 16 17 18 19 20 21 22 23 24 25 26 27 28 29 30 31 32 33 34 36 37 38 39 40 41 42 43 44 45 46 47 48 52 54 56 58 59 62 63 64 65 66 67 68 70 71 72 73 74 75 76 77 78 79 80 81 82 83 84 86 87 90 91 92 93 94 95 96 97 98 99 
90 72 0 1 4 5 6 8 9 10 11 12 13 14 15 16 17 18 19 20 21 23 24 25 27 28 29 31 33 35 36 37 40 42 43 47 49 50 51 53 54 55 56 57 59 63 64 65 66 67 68 69 71 72 73 76 77 79 81 82 83 84 85 86 88 89 91 92 93 94 96 97 98 99 
91 76 0 1 2 4 5 6 8 9 10 13 14 15 16 17 19 20 21 22 24 25 26 27 28 29 30 31 32 33 34 35 36 37 38 42 43 44 45 47 48 50 52 53 56 58 59 60 62 63 64 65 66 67 68 69 70 71 72 75 76 78 79 80 81 82 85 86 87 88 89 92 93 94 95 97 98 99 
92 80 0 1 3 4 5 6 7 9 10 12 14 17 18 19 20 21 22 24 26 27 30 31 32 33 34 35 36 37 38 40 41 42 44 45 47 48 50 51 52 53 54 55 56 57 58 59 61 62 63 64 65 66 67 68 69 70 71 72 73 75 76 77 78 79 80 81 82 83 84 86 87 89 90 91 93 94 95 96 98 99 
93 81 1 2 3 4 5 7 8 9 10 11 12 13 14 15 16 17 18 19 20 21 22 23 24 25 27 29 30 31 32 33 34 35 37 39 40 41 42 43 45 47 48 49 50 51 52 54 55 56 57 59 60 61 63 64 65 67 69 70 71 72 73 74 75 76 78 79 80 81 82 83 84 87 88 89 90 91 92 94 96 97 98 
94 86 0 1 2 3 5 6 8 9 11 12 13 14 16 17 19 21 22 23 24 25 26 27 28 29 30 31 32 34 35 36 37 38 39 40 41 42 44 45 46 47 48 49 50 51 53 56 57 58 59 60 61 62 63 64 65 66 67 68 69 70 71 72 73 74 75 76 77 78 80 81 82 83 84 85 86 87 88 89 90 91 92 93 95 97 98 99 
95 87 0 1 2 3 4 5 6 7 8 9 10 11 12 13 14 15 16 17 18 19 20 22 23 25 26 27 28 29 31 32 33 34 35 36 37 38 40 41 42 43 44 46 47 48 49 51 52 53 54 55 56 57 59 60 62 63 64 65 66 67 68 69 70 71 72 73 74 75 77 78 80 81 83 84 85 86 88 89 90 91 92 93 94 96 97 98 99 
96 80 1 2 3 4 5 7 8 9 10 11 12 13 14 16 18 19 20 21 22 23 24 25 26 27 28 30 31 33 34 36 37 38 39 40 41 42 43 44 45 46 48 49 50 51 52 53 54 55 56 57 59 60 61 63 64 65 66 67 69 72 73 74 75 76 77 78 79 80 81 82 84 85 87 89 90 92 93 95 97 99 
97 77 0 1 2 4 5 6 7 8 9 10 11 12 13 14 15 16 17 19 21 23 24 25 26 27 28 29 30 31 32 33 35 38 39 41 42 43 44 45 46 47 50 51 53 54 55 58 59 60 64 66 67 68 69 71 72 73 74 75 76 77 79 80 81 82 83 84 85 86 87 88 90 91 92 93 94 95 98 
98 79 1 4 5 6 7 8 9 10 11 12 13 15 16 17 19 20 22 24 25 26 27 28 29 31 32 34 35 37 38 39 40 42 43 44 45 46 47 48 49 50 51 52 53 55 56 57 60 61 62 64 65 66 67 68 69 70 71 73 74 75 76 77 78 79 81 82 84 85 86 87 88 89 90 91 92 93 94 97 99 
99 78 0 1 4 5 6 8 9 10 12 13 14 15 16 17 18 19 20 22 24 26 29 30 32 33 34 36 37 38 39 40 42 44 45 46 47 48 49 50 52 53 54 56 59 60 61 62 63 64 65 66 67 69 70 71 72 73 74 75 76 77 78 79 80 81 82 84 85 86 87 89 90 91 92 93 94 95 96 97 
