100
0 25 1 7 10 15 18 20 24 26 29 32 33 34 36 43 44 45 46 51 62 64 80 83 87 97 99 
1 21 0 6 8 14 16 17 19 21 23 24 25 28 35 42 49 50 60 64 65 83 98 
2 14 1 6 8 12 22 36 46 48 64 67 76 77 78 96 
3 23 8 12 14 15 16 17 24 28 35 37 40 42 43 45 47 50 55 65 67 71 74 87 89 
4 21 5 14 17 18 21 22 25 29 34 40 44 47 48 49 50 53 67 81 83 88 92 
5 19 6 8 11 14 18 28 35 37 38 54 56 59 65 77 88 93 94 96 97 
6 19 0 8 16 18 26 31 40 41 42 44 45 48 50 64 70 85 89 90 99 
7 19 11 12 18 19 25 27 28 38 51 53 62 65 76 77 80 88 90 91 92 
8 15 0 6 9 10 12 23 29 34 51 52 57 76 77 78 79 
9 19 5 13 16 22 29 33 34 41 43 49 50 51 54 75 80 84 89 93 98 
10 33 4 5 6 8 11 15 16 17 21 23 28 33 35 37 38 39 42 44 48 51 53 54 59 61 70 78 79 81 84 86 90 95 98 
11 19 14 17 24 32 34 43 45 47 51 52 56 60 64 71 74 82 87 88 93 
12 16 0 1 5 20 36 42 47 49 51 52 55 65 72 83 96 97 
13 16 7 19 22 23 30 36 39 41 54 59 65 67 69 77 82 86 
14 24 3 4 5 6 7 10 18 20 21 27 38 39 41 43 46 49 55 56 59 81 85 90 96 99 
15 24 0 3 5 9 13 16 17 21 22 23 36 47 50 51 60 62 71 73 74 84 85 88 90 95 
16 21 0 4 5 6 7 12 20 30 36 37 40 42 61 62 64 69 84 85 87 94 97 
17 19 2 7 10 25 33 35 38 43 51 52 57 58 66 67 71 81 82 87 92 
18 26 2 8 9 10 17 20 21 25 26 30 35 39 41 43 52 56 57 59 68 72 76 78 79 86 87 88 
19 27 1 3 10 11 20 21 23 25 27 28 29 31 34 44 46 55 57 60 70 74 76 83 93 94 95 98 99 
20 19 1 13 17 19 21 25 40 44 47 49 60 69 79 81 82 85 91 97 99 
21 25 0 1 4 7 8 10 18 19 22 23 28 29 34 54 66 67 69 71 75 76 83 87 89 90 94 
22 12 3 7 12 19 26 30 41 44 59 73 74 93 
23 26 1 7 14 15 16 20 26 28 45 47 49 56 60 61 66 69 72 74 75 78 84 89 92 93 95 99 
24 23 2 6 8 10 17 19 43 48 53 57 58 59 61 65 69 72 74 80 81 82 87 91 97 
25 26 4 5 7 13 20 29 30 44 46 50 51 55 60 66 67 68 70 71 75 78 80 81 89 90 96 99 
26 17 0 13 15 19 25 27 37 64 71 73 77 81 86 89 90 93 96 
27 15 2 4 6 17 23 29 34 37 44 54 69 71 73 94 96 
28 16 5 8 9 23 35 38 50 52 53 57 62 66 71 74 89 95 
29 18 10 11 12 18 26 37 52 55 62 74 75 76 79 85 91 92 94 96 
30 18 1 31 32 36 46 52 54 56 57 62 65 68 75 82 87 91 93 97 
31 22 1 8 11 12 14 18 37 40 42 48 53 59 65 66 70 73 75 85 87 90 96 98 
32 17 0 7 8 9 10 17 26 34 42 46 64 77 78 86 90 93 97 
33 25 10 11 15 17 20 35 38 43 45 46 49 51 54 58 61 67 75 79 80 85 89 92 94 97 98 
34 19 4 12 21 26 31 38 41 51 59 60 80 83 84 85 86 88 89 93 96 
35 19 6 10 16 27 36 37 41 42 44 51 60 63 71 72 73 82 86 91 94 
36 21 1 3 12 16 19 35 37 40 42 44 49 53 54 58 59 62 71 74 75 82 96 
37 23 6 10 20 22 29 30 32 34 36 39 45 47 49 56 61 77 79 81 85 87 91 94 99 
38 14 2 3 33 34 39 44 45 59 64 68 74 80 82 98 
39 22 9 19 22 25 26 36 38 40 42 45 46 48 51 64 71 74 78 80 81 87 93 98 
40 11 4 30 35 44 45 50 52 63 83 91 94 
41 30 0 14 16 17 27 30 36 42 44 45 46 47 49 53 54 56 58 61 67 68 70 75 78 83 89 90 93 95 98 99 
42 20 8 10 11 14 15 26 27 39 51 53 56 57 64 70 72 73 82 87 88 90 
43 21 1 6 7 8 13 14 21 27 31 45 47 48 51 58 64 67 68 76 86 97 99 
44 18 5 6 10 12 13 20 23 29 40 43 51 52 54 66 71 72 87 90 
45 23 0 12 14 19 23 24 32 33 35 37 47 49 50 53 58 59 60 71 72 74 84 93 94 
46 20 10 11 13 22 23 27 28 29 31 39 40 42 45 71 79 84 89 92 97 98 
47 19 11 14 15 17 22 29 34 35 36 40 48 55 65 68 74 82 92 94 96 
48 24 2 16 17 22 23 30 31 35 39 43 51 58 61 62 63 64 65 69 71 74 75 83 91 96 
49 16 5 16 19 24 33 48 50 51 52 61 63 64 67 77 90 97 
50 25 8 11 13 17 22 28 33 38 39 45 46 51 55 57 58 59 60 64 68 73 74 80 88 92 98 
51 16 1 2 3 13 16 19 31 35 40 50 56 61 68 77 92 93 
52 24 0 3 4 5 12 13 24 27 28 32 49 54 55 56 67 68 73 75 77 81 85 90 97 98 
53 13 5 8 10 25 27 29 40 44 47 49 54 56 79 
54 20 1 8 16 21 22 36 37 39 40 43 44 51 55 57 58 66 69 78 79 85 
55 23 0 3 4 11 13 21 35 43 46 49 58 64 73 77 78 79 81 84 85 89 94 95 98 
56 19 7 9 11 29 31 33 34 49 50 51 54 60 66 82 87 88 96 97 99 
57 20 0 1 3 14 18 21 35 47 48 50 52 53 62 65 74 77 82 87 94 95 
58 14 1 6 20 21 33 39 47 59 64 65 69 71 87 97 
59 18 9 13 15 17 23 25 28 33 36 42 46 48 53 55 65 68 76 98 
60 19 12 19 22 24 25 29 31 39 44 51 67 71 83 90 91 95 97 98 99 
61 15 8 18 25 26 35 37 43 49 52 63 78 79 87 93 95 
62 23 5 12 14 22 25 26 28 30 38 44 45 56 60 66 68 69 71 73 74 81 82 88 96 
63 23 0 1 3 5 6 12 15 24 32 38 39 43 53 55 61 67 73 81 84 87 88 92 94 
64 19 21 22 33 35 41 45 55 61 70 71 72 75 83 86 87 88 91 96 99 
65 19 16 17 19 24 28 30 32 33 41 44 46 47 49 58 63 66 72 83 88 
66 15 11 25 28 40 41 43 51 58 63 67 78 82 84 85 87 
67 21 3 4 11 12 13 16 18 23 25 31 35 37 40 41 49 62 81 85 91 94 95 
68 21 0 3 4 6 10 13 17 21 25 35 36 38 47 55 61 74 76 80 81 84 92 
69 22 2 11 16 20 25 26 29 32 41 44 45 54 56 64 72 76 78 83 89 90 95 98 
70 15 0 6 14 15 24 47 49 53 57 62 64 69 94 96 97 
71 19 0 1 2 7 8 10 11 13 15 16 23 47 60 67 82 85 89 90 97 
72 21 12 13 15 18 21 23 24 30 32 39 54 57 61 64 67 74 77 79 90 94 95 
73 24 10 11 14 17 18 26 28 30 37 38 43 46 47 52 57 58 65 70 76 80 84 88 89 97 
74 14 6 10 16 31 34 59 62 78 81 85 87 89 94 97 
75 12 5 9 13 24 25 46 50 57 76 86 89 96 
76 27 0 2 5 11 23 25 26 27 29 36 40 46 51 57 59 61 63 64 66 67 71 73 77 82 86 89 90 
77 18 4 5 8 23 32 37 38 39 43 52 59 65 68 71 72 91 98 99 
78 27 3 4 5 6 8 12 13 17 18 20 26 35 38 39 44 50 51 53 57 58 60 61 65 68 86 88 91 
79 27 3 4 5 6 11 12 19 27 33 37 42 51 53 58 60 72 73 74 75 76 77 81 84 85 88 91 98 
80 19 9 10 14 20 28 31 32 38 41 61 71 72 74 85 89 93 95 96 98 
81 20 1 7 12 17 25 29 31 36 39 46 49 59 63 65 74 77 85 91 94 95 
82 26 1 6 9 16 17 20 25 30 37 39 43 46 48 51 52 54 63 67 76 78 80 81 85 88 93 98 
83 23 3 9 11 22 28 33 35 57 58 64 66 68 69 74 75 80 81 87 88 89 95 96 99 
84 18 2 4 8 12 18 20 24 26 57 66 69 71 72 75 83 85 90 96 
85 21 0 1 8 9 11 13 18 25 32 36 47 53 56 59 67 70 71 84 88 96 99 
86 18 2 4 10 19 20 25 26 30 31 33 39 42 45 46 51 74 78 85 
87 22 11 12 13 21 22 27 36 37 40 47 54 59 63 66 67 73 78 79 82 86 89 95 
88 19 0 11 17 21 26 35 38 44 60 67 72 74 81 83 85 89 91 94 95 
89 20 2 9 12 13 15 34 39 42 51 52 62 66 67 68 70 72 73 94 96 97 
90 16 14 19 22 24 35 44 47 50 52 67 70 76 83 86 87 96 
91 22 0 3 6 10 13 19 20 25 31 33 40 53 57 63 70 74 81 82 87 94 95 97 
92 25 0 7 11 13 14 19 21 41 46 47 48 53 54 60 63 64 73 76 78 80 81 86 90 93 96 
93 16 11 16 18 19 22 23 37 40 53 55 65 68 84 88 91 97 
94 12 8 12 17 22 31 34 40 44 71 78 89 96 
95 23 5 6 12 18 21 23 26 27 38 47 55 57 63 64 66 67 70 71 75 78 79 84 90 
96 14 2 10 12 29 40 49 52 55 56 60 62 65 78 97 
97 20 4 7 15 16 19 22 24 29 32 40 43 59 67 73 75 77 80 90 91 99 
98 23 5 8 10 11 15 17 20 24 29 34 35 37 39 46 49 54 58 67 73 75 84 85 90 
99 19 6 12 26 30 37 38 41 52 55 56 64 66 69 79 80 81 89 94 97 
