100
0 19 1 2 6 8 9 13 17 32 45 54 63 73 75 78 79 86 88 96 97 
1 16 15 19 30 34 37 44 49 56 61 67 77 85 93 97 98 99 
2 13 3 4 6 7 14 16 58 66 74 75 80 93 97 
3 17 4 9 14 26 28 33 37 46 47 60 71 76 78 87 94 95 96 
4 16 0 15 20 24 26 29 33 38 43 46 47 64 75 79 88 94 
5 15 4 9 18 26 41 48 52 62 67 72 75 83 85 89 92 
6 24 4 7 14 16 17 22 23 24 27 28 30 46 47 52 54 55 56 58 65 68 75 78 85 87 
7 24 2 6 8 31 32 36 39 49 52 61 66 71 76 77 78 80 81 84 87 88 93 95 98 99 
8 14 17 20 24 28 42 46 48 50 55 61 65 79 84 86 
9 22 0 2 3 11 17 18 22 23 24 26 34 35 45 49 52 59 72 82 83 84 88 90 
10 15 0 18 19 28 29 30 35 36 40 42 56 63 67 89 94 
11 32 0 4 5 7 12 14 18 23 29 30 32 34 36 37 43 45 46 48 51 52 54 56 58 59 63 66 70 75 77 79 88 96 
12 14 0 6 10 15 27 30 36 46 52 54 63 64 72 92 
13 17 1 6 10 16 18 30 40 46 48 51 57 58 74 78 82 92 95 
14 14 4 9 22 23 24 40 42 51 53 55 64 65 86 97 
15 19 3 7 13 17 34 38 51 53 59 62 64 76 82 83 88 89 91 92 98 
16 27 4 8 9 10 13 15 17 18 26 27 28 34 36 41 47 48 51 57 67 69 80 83 85 90 91 95 98 
17 25 10 12 13 14 19 21 25 29 30 31 42 43 55 57 72 73 75 79 80 82 83 85 86 95 99 
18 26 3 26 29 31 33 36 37 38 42 44 50 52 58 59 60 61 63 67 68 70 75 76 78 80 84 91 
19 15 10 28 29 44 50 53 56 61 66 71 74 84 90 96 97 
20 20 5 8 11 14 18 22 23 37 40 59 63 64 66 72 73 77 87 88 92 93 
21 17 15 23 25 26 35 40 41 53 54 61 63 66 68 86 92 96 99 
22 9 15 26 48 54 65 67 73 75 93 
23 23 0 4 9 12 14 24 25 30 35 50 55 57 59 61 64 65 71 80 81 85 93 98 99 
24 22 14 18 27 30 32 36 37 42 44 55 56 57 60 62 63 65 66 70 84 85 96 98 
25 18 1 3 4 11 19 22 28 31 46 52 61 67 68 71 73 77 80 91 
26 11 7 18 42 48 59 68 75 83 90 94 97 
27 17 2 6 7 13 16 18 21 43 52 57 58 61 65 66 82 91 98 
28 22 2 11 21 31 32 43 45 46 47 49 50 52 53 66 76 77 79 83 85 86 90 94 
29 25 0 1 11 15 16 17 30 35 38 48 52 58 60 61 67 68 72 75 76 79 80 85 95 96 97 
30 21 6 9 22 34 41 42 45 47 54 55 57 62 65 69 75 78 86 87 88 91 97 
31 27 0 6 7 9 12 18 20 29 33 34 36 37 46 51 53 57 62 64 69 73 74 80 83 89 95 97 99 
32 9 11 34 36 47 53 55 58 64 81 
33 16 8 16 19 29 32 39 43 45 60 61 62 63 68 82 86 93 
34 20 0 15 19 24 29 37 39 41 45 46 48 50 60 64 69 84 85 86 95 99 
35 19 5 7 11 13 14 15 21 22 40 44 46 47 54 57 65 74 81 88 91 
36 29 0 8 10 11 15 18 20 25 28 29 42 43 44 46 49 53 56 63 64 65 67 79 84 86 90 91 94 97 98 
37 18 5 12 17 27 33 34 36 56 60 61 64 68 70 83 85 90 92 99 
38 20 1 4 20 23 32 41 49 53 61 62 67 69 71 77 85 90 91 93 98 99 
39 17 2 11 13 18 22 29 36 38 44 57 62 66 69 72 78 88 94 
40 19 2 11 12 14 21 22 33 35 42 43 48 54 55 60 67 72 79 86 92 
41 25 1 2 5 14 19 33 36 44 50 52 54 65 66 71 73 75 77 81 82 85 87 88 89 90 92 
42 17 0 3 6 7 9 18 37 45 48 51 55 57 60 75 76 81 98 
43 19 5 7 11 18 24 32 38 47 49 50 53 73 75 77 79 93 96 98 99 
44 24 6 8 14 17 18 21 25 29 38 41 43 47 48 55 59 61 62 71 77 82 91 93 96 97 
45 20 0 2 4 6 16 18 21 22 27 35 37 42 57 62 64 65 66 67 83 96 
46 13 4 7 18 27 38 50 53 55 58 76 83 86 97 
47 20 5 9 18 19 23 28 31 34 42 48 55 63 67 71 79 82 83 84 91 95 
48 19 0 5 7 16 24 30 34 40 41 43 64 70 82 83 87 88 92 94 99 
49 18 2 4 5 6 10 17 19 22 32 46 48 51 55 58 65 89 91 99 
50 18 1 10 16 20 21 22 30 33 40 48 58 59 60 66 79 88 94 97 
51 27 2 3 13 21 25 26 27 29 30 32 33 43 50 53 57 61 63 66 71 73 74 80 81 86 90 91 94 
52 20 2 27 28 35 36 41 48 49 50 60 61 66 72 76 80 84 88 89 92 99 
53 21 0 15 19 20 22 24 41 45 51 55 63 67 68 69 89 90 93 94 95 96 98 
54 25 5 11 15 20 21 23 29 30 32 35 38 63 64 65 75 76 80 81 84 85 89 92 94 95 97 
55 19 5 11 19 21 24 27 29 31 39 41 42 44 46 82 84 88 91 93 94 
56 21 2 11 12 13 21 23 26 27 31 34 47 50 63 69 71 75 78 80 86 91 94 
57 13 8 30 36 45 54 59 77 79 81 82 83 86 89 
58 30 0 5 8 17 20 23 24 29 30 31 35 39 41 42 45 46 49 50 56 57 59 60 67 77 80 81 83 87 88 99 
59 19 1 3 5 6 8 12 25 31 35 36 42 51 54 68 72 73 83 92 98 
60 19 3 4 8 18 21 23 27 41 42 48 51 65 66 67 68 76 80 84 88 
61 24 5 10 12 15 17 19 20 27 32 33 34 37 60 67 70 72 80 87 88 90 92 93 96 99 
62 20 2 5 12 16 21 23 24 31 34 41 42 43 52 55 68 72 74 75 77 86 
63 23 7 8 9 10 13 14 16 35 39 50 51 54 55 64 71 73 76 82 86 88 94 97 99 
64 19 16 18 24 25 29 38 49 59 73 78 79 82 83 86 88 89 95 98 99 
65 16 7 12 13 29 31 39 46 50 56 66 67 79 84 86 89 99 
66 17 0 4 5 10 14 18 21 23 26 27 40 41 49 69 70 71 96 
67 19 17 23 32 36 38 43 48 59 64 65 68 69 71 73 76 85 86 87 97 
68 21 1 15 18 20 23 26 36 40 52 55 58 59 60 64 67 69 73 85 87 90 99 
69 17 0 7 11 13 18 28 35 36 38 43 45 47 51 56 89 90 96 
70 16 7 8 12 24 25 29 34 48 53 54 77 79 81 86 88 99 
71 24 1 7 8 12 21 22 25 27 29 35 38 42 43 56 57 60 62 66 67 69 72 87 92 99 
72 10 2 10 15 27 29 35 46 76 87 93 
73 17 3 13 29 33 40 41 43 56 62 65 67 74 75 89 91 95 96 
74 16 7 12 16 23 28 41 46 49 55 60 84 93 94 95 98 99 
75 18 5 6 12 15 16 17 18 19 36 42 49 58 74 78 89 93 94 95 
76 22 1 4 12 13 16 18 22 23 24 27 28 33 40 43 54 58 59 61 63 67 79 99 
77 25 2 4 7 14 16 20 27 29 31 36 38 41 44 47 51 53 54 60 66 67 70 85 90 93 99 
78 16 18 23 34 43 51 52 59 63 69 70 71 77 85 92 93 99 
79 14 4 15 21 25 28 29 53 55 61 67 73 81 88 98 
80 27 5 6 10 11 14 27 30 31 33 36 37 43 45 52 53 58 66 70 72 75 78 81 84 92 93 94 95 
81 24 1 6 10 14 19 26 30 33 35 36 40 41 43 46 48 50 53 57 63 66 68 83 84 90 
82 21 6 11 23 24 30 34 35 39 42 45 48 53 54 55 64 66 68 71 79 86 97 
83 17 13 16 17 19 22 31 32 37 38 43 49 52 54 69 74 82 90 
84 28 1 3 5 12 16 18 21 23 26 29 31 34 35 37 38 43 44 50 52 54 68 76 81 85 86 88 92 98 
85 20 1 9 11 14 29 31 35 36 38 39 41 46 54 55 70 77 79 86 89 93 
86 17 0 1 4 7 10 18 22 23 46 47 51 53 60 70 80 85 98 
87 22 1 4 7 10 20 25 29 30 31 32 35 40 41 49 63 66 72 73 75 79 80 92 
88 22 2 6 7 11 18 19 22 26 32 35 36 40 43 45 46 48 58 68 72 74 78 84 
89 15 4 8 15 18 19 22 38 39 44 49 50 58 61 67 78 
90 20 0 6 7 13 15 18 27 38 48 49 60 61 63 64 68 75 82 84 86 98 
91 22 1 5 9 18 22 29 32 41 44 57 61 62 69 70 77 78 79 85 86 87 93 94 
92 20 9 15 18 24 34 43 51 54 56 59 63 65 66 68 69 73 84 85 89 97 
93 18 4 6 7 20 23 25 33 35 38 48 66 70 76 77 79 89 95 97 
94 17 1 9 16 18 19 25 42 47 53 55 60 61 88 92 93 96 98 
95 12 3 5 14 18 24 30 31 37 47 49 57 98 
96 20 2 6 12 16 25 27 45 47 51 55 57 58 62 64 74 79 80 81 87 99 
97 16 3 10 12 22 28 30 37 40 53 56 63 74 77 81 83 88 
98 16 1 8 11 17 18 25 34 43 46 49 64 66 70 76 80 83 
99 27 2 4 5 7 9 14 22 26 30 33 34 40 47 50 53 57 61 63 68 75 80 84 85 87 90 93 98 
