100
0 82 1 2 3 4 5 6 7 8 9 10 11 12 13 14 15 16 17 19 20 23 24 25 26 28 29 30 32 33 34 36 37 38 39 40 42 43 44 45 46 48 49 51 52 54 55 56 57 58 59 62 63 64 65 66 67 68 69 70 72 73 74 75 76 77 78 79 80 81 82 83 85 86 87 88 89 90 91 92 93 95 96 98 
1 80 2 3 4 5 6 7 8 9 10 11 13 14 15 16 17 19 21 22 23 24 25 26 27 28 29 31 32 35 36 37 38 39 40 41 42 43 45 46 47 48 49 50 51 52 53 54 55 56 57 58 59 60 61 62 63 66 67 68 70 72 73 74 76 77 78 79 81 82 85 87 88 90 91 92 93 94 95 96 98 99 
2 83 0 1 3 4 5 7 8 9 11 12 14 15 16 17 19 20 21 22 23 24 25 26 28 29 30 31 32 33 34 35 36 37 38 40 41 42 43 44 46 47 48 50 51 52 53 54 55 58 60 61 62 63 64 66 67 68 69 70 72 73 75 77 78 79 80 81 82 83 84 85 87 88 89 90 91 92 93 94 95 96 97 98 99 
3 80 0 1 2 4 6 7 8 9 11 12 13 14 15 16 17 18 19 20 21 22 23 24 25 26 27 28 30 31 32 34 35 37 39 40 41 43 44 45 46 47 48 49 50 51 52 53 54 55 56 58 59 61 63 65 66 68 69 70 71 72 73 74 75 76 77 78 79 80 81 82 83 84 86 88 89 93 95 97 98 99 
4 84 0 1 3 5 6 7 8 9 10 11 12 13 14 15 16 17 18 20 21 25 26 27 28 29 30 31 32 33 34 35 36 37 38 39 41 42 43 44 45 46 48 49 50 51 52 53 55 56 57 58 59 60 61 63 65 66 67 68 70 71 72 73 74 75 76 77 78 79 80 81 83 85 86 87 89 90 91 92 93 94 96 97 98 99 
5 78 0 1 2 4 6 7 8 9 10 11 13 15 16 17 19 20 21 22 23 24 25 26 27 28 29 31 32 33 34 35 36 37 38 40 41 42 43 44 45 46 47 48 49 50 51 52 53 55 57 59 60 62 63 64 65 69 70 71 74 75 76 77 78 79 80 81 82 83 86 88 89 91 92 94 95 96 97 98 
6 81 0 1 2 3 4 5 7 8 9 10 11 12 13 15 16 17 18 19 22 23 24 25 27 28 29 30 31 32 33 35 36 37 39 40 41 42 43 44 48 49 50 52 54 56 57 58 59 61 62 63 64 66 67 68 69 70 72 73 74 75 76 77 78 79 80 81 82 83 84 85 86 88 89 90 91 92 93 94 96 98 99 
7 76 0 1 3 4 5 6 8 9 10 11 12 13 14 15 16 17 20 21 22 25 26 27 28 29 30 32 33 34 35 36 37 38 39 41 43 44 45 46 47 48 49 50 51 54 56 57 58 60 61 65 66 68 69 70 71 72 73 74 76 78 79 80 81 82 83 84 85 86 88 91 92 93 94 95 98 99 
8 80 0 2 3 4 5 6 7 9 12 13 16 17 18 19 20 21 22 23 24 25 26 27 29 30 31 32 33 34 35 37 38 39 40 41 42 43 45 46 47 48 49 50 51 53 54 55 57 58 59 60 62 63 64 65 66 67 68 69 70 71 72 73 75 76 80 81 82 83 84 86 88 89 90 92 93 94 95 97 98 99 
9 67 0 1 3 4 5 6 8 11 12 14 15 16 17 19 20 21 23 25 26 28 29 30 31 32 33 34 35 36 40 43 44 46 47 48 49 50 51 52 53 54 57 59 60 61 63 64 67 68 69 70 71 72 73 75 78 79 82 83 84 85 92 93 95 96 97 98 99 
10 79 0 1 2 3 5 8 9 12 14 15 16 17 18 21 22 23 24 25 26 28 29 30 31 32 33 34 35 36 37 39 40 41 43 44 45 46 48 49 50 51 53 54 56 57 58 59 60 61 62 63 64 65 66 68 69 70 71 72 73 74 75 77 81 82 83 84 85 86 87 89 90 91 92 93 94 96 97 98 99 
11 76 0 1 2 3 5 7 8 10 12 13 16 17 18 20 21 22 23 24 28 29 31 32 33 34 35 36 37 38 39 41 42 43 44 45 46 47 49 50 51 52 53 54 55 56 57 58 60 61 64 65 67 68 69 70 71 73 74 75 77 78 79 80 81 83 84 85 86 87 90 91 92 93 94 96 97 98 
12 77 0 4 5 6 7 9 10 11 13 14 15 16 18 19 20 22 23 25 26 27 28 29 30 31 32 33 35 36 38 39 40 42 45 46 47 48 49 51 52 54 55 56 58 60 61 62 63 64 65 66 67 69 70 71 72 73 74 75 76 78 79 80 81 84 86 87 88 89 90 91 92 93 95 96 97 98 99 
13 82 0 1 2 4 5 7 8 9 10 11 12 14 15 17 18 19 20 22 23 25 26 28 29 30 31 33 34 35 36 37 38 39 41 43 44 46 47 49 50 51 52 53 54 55 56 58 60 61 62 63 64 66 67 68 69 70 71 72 74 75 76 77 78 79 80 81 82 83 84 85 86 87 88 89 92 93 94 95 96 97 98 99 
14 82 0 1 2 3 4 6 7 8 9 10 11 12 15 16 18 19 20 21 22 23 26 27 28 29 30 31 32 33 35 36 37 38 39 40 41 42 43 44 45 46 47 48 49 50 51 52 53 54 55 57 58 60 61 62 63 66 67 69 70 71 72 73 74 75 76 78 79 80 81 83 84 86 88 89 90 91 93 94 95 96 97 99 
15 75 0 2 3 4 5 6 8 9 10 13 17 18 19 20 22 24 25 27 28 29 30 31 32 33 35 37 40 41 42 44 45 46 47 48 49 51 52 53 55 58 59 60 61 62 63 64 65 66 67 68 70 71 72 73 74 75 76 77 78 79 80 81 82 83 84 86 87 91 92 94 95 96 97 98 99 
16 71 0 2 3 4 5 7 8 9 10 11 12 13 14 15 17 18 19 21 23 24 25 26 27 28 31 32 33 35 36 37 38 41 42 45 46 48 50 51 52 55 56 58 59 60 61 62 63 64 65 66 70 71 72 75 76 77 78 79 82 83 85 86 87 88 89 90 94 95 96 97 98 
17 79 0 1 2 3 4 6 7 8 11 12 13 14 15 16 18 19 20 21 22 23 24 25 26 27 29 30 32 33 34 35 36 37 38 39 40 41 43 44 45 48 49 52 54 55 56 58 59 60 61 62 64 65 66 67 69 70 71 72 74 75 76 77 78 79 81 82 83 84 86 88 91 92 93 94 95 96 97 98 99 
18 86 0 1 3 4 5 6 9 11 13 14 15 16 17 19 20 21 22 23 24 25 26 27 29 30 31 32 33 34 36 37 38 39 41 42 43 44 45 46 47 48 49 51 52 53 54 56 57 58 59 60 61 62 63 64 65 66 67 68 69 70 71 72 73 74 75 76 77 78 79 80 81 82 83 84 85 86 87 88 89 91 92 93 96 97 98 99 
19 76 0 2 3 4 5 6 7 8 9 10 13 14 17 18 20 21 23 24 25 26 27 28 30 31 33 34 38 39 41 42 43 44 46 47 48 49 50 54 55 56 57 58 59 61 62 64 65 66 67 68 69 70 71 72 73 74 75 76 77 78 81 82 84 85 86 87 88 90 91 92 93 94 96 97 98 99 
20 79 0 2 3 4 5 6 7 8 11 13 14 16 17 18 19 22 23 24 25 26 28 29 30 31 34 35 36 37 38 40 41 42 43 44 45 46 47 48 49 50 51 54 55 56 57 58 59 60 61 62 63 64 67 68 70 71 72 75 77 78 79 80 81 82 83 84 85 86 88 89 90 91 92 93 94 95 96 98 99 
21 75 3 4 5 6 7 8 9 10 11 12 13 16 17 18 19 22 23 25 27 28 29 31 32 33 34 35 36 37 38 39 40 41 42 43 44 46 47 49 52 53 54 55 56 57 58 60 62 63 64 65 68 69 70 71 73 74 75 76 77 78 79 80 83 84 85 87 88 91 92 93 94 96 97 98 99 
22 71 0 1 6 7 8 10 11 12 13 14 15 17 18 23 24 25 26 28 29 30 31 32 34 35 36 38 39 41 44 45 46 47 49 50 51 52 53 55 56 58 60 61 63 64 67 70 71 72 73 74 76 77 78 79 81 82 83 84 86 88 89 90 91 92 93 94 95 96 97 98 99 
23 82 0 1 3 4 5 6 7 9 10 11 12 14 15 16 18 19 20 21 22 24 25 26 27 29 31 32 33 34 35 36 37 38 39 40 42 43 44 45 46 48 49 50 51 52 53 54 55 57 60 61 62 63 65 66 67 69 70 71 72 73 74 75 77 78 79 80 81 82 84 85 86 87 88 89 90 91 92 93 94 96 97 98 
24 78 1 2 3 5 8 10 11 13 14 15 16 17 18 19 20 21 22 23 25 26 28 29 30 31 32 33 34 37 38 39 40 43 44 45 48 49 50 51 52 53 54 55 57 58 59 60 61 62 63 64 65 66 67 69 70 71 72 73 74 75 76 77 78 79 82 83 85 86 87 88 90 91 94 95 96 97 98 99 
25 77 0 1 2 3 5 6 7 8 9 10 11 12 13 17 18 21 24 26 27 28 29 30 31 32 33 35 36 37 38 39 40 41 42 43 44 45 47 48 49 50 51 54 55 56 59 61 64 65 66 67 68 69 70 71 72 74 75 76 77 78 79 80 81 83 84 85 86 89 90 91 92 94 95 96 97 98 99 
26 81 0 1 3 4 5 6 7 8 9 10 11 13 14 15 16 17 18 20 21 22 23 24 25 27 28 29 30 31 32 34 36 37 38 39 40 42 43 45 46 48 50 51 53 55 58 59 60 61 62 63 64 65 66 67 68 69 71 72 73 74 75 76 78 79 80 81 84 85 86 87 88 89 90 91 92 93 94 95 96 97 98 
27 84 0 1 2 3 4 5 7 8 9 10 11 12 13 14 15 16 17 18 19 20 21 22 24 25 28 29 30 31 32 34 35 37 38 39 40 41 42 43 44 45 46 47 49 52 54 55 56 57 58 59 60 62 63 64 65 67 68 69 70 71 73 74 75 77 78 80 81 82 83 84 85 86 87 88 90 91 92 93 94 95 96 97 98 99 
28 76 0 1 2 3 4 5 6 7 9 10 12 14 16 17 20 21 22 23 24 25 26 27 31 35 36 37 38 39 40 41 44 45 46 47 48 49 50 51 53 54 55 57 58 59 60 61 62 63 66 67 68 69 70 71 72 73 75 76 77 78 79 80 81 82 84 85 88 89 91 92 93 94 95 96 97 99 
29 78 0 2 3 4 5 6 7 8 9 10 11 13 15 17 18 19 20 22 23 24 25 27 28 30 31 32 33 34 35 39 40 41 43 46 47 48 49 51 52 53 55 57 58 59 60 61 62 63 64 65 66 67 69 70 71 72 74 75 76 77 78 79 80 81 82 83 85 87 88 89 90 91 93 94 95 97 98 99 
30 77 0 1 2 4 5 6 7 8 9 10 12 14 15 16 17 18 19 20 21 22 23 26 28 31 32 33 34 35 38 39 41 42 43 45 46 48 49 50 51 54 55 57 58 59 60 61 62 63 65 66 67 70 71 72 73 74 75 76 77 78 79 80 81 82 83 84 85 86 89 91 92 93 95 96 97 98 99 
31 81 0 1 2 3 4 5 6 7 9 11 12 14 15 17 19 20 21 22 23 24 25 26 27 30 32 34 35 36 37 38 39 40 41 42 43 44 45 46 47 48 49 50 51 52 53 54 56 57 58 59 61 62 64 65 67 68 69 70 71 72 73 75 76 78 79 80 81 83 85 87 88 89 90 91 92 93 94 95 96 98 99 
32 88 0 1 3 4 6 7 8 9 10 11 12 13 14 15 16 18 19 20 21 22 23 24 25 26 27 28 29 30 31 33 34 35 36 37 38 39 41 42 43 45 46 47 48 49 50 51 52 53 54 55 56 57 58 59 60 62 63 64 65 66 67 68 70 71 72 73 74 76 77 78 79 80 81 83 84 85 86 88 89 91 92 93 94 95 96 97 98 99 
33 79 2 3 4 5 7 8 10 11 12 13 15 16 17 19 20 23 24 25 26 27 28 29 30 31 32 34 35 36 37 38 39 40 41 44 45 46 48 49 51 52 53 54 55 56 57 58 59 60 62 64 66 67 68 70 72 73 74 75 76 77 78 81 82 83 84 85 86 87 88 89 90 91 92 93 94 95 96 97 99 
34 82 0 2 3 4 5 6 8 10 11 12 13 14 15 16 17 18 19 20 22 23 24 25 26 27 28 29 30 31 32 33 35 36 37 38 39 40 41 43 44 45 46 47 49 50 52 53 54 55 56 57 58 59 60 62 63 64 65 66 67 70 71 72 74 75 76 80 81 82 83 84 85 86 87 88 89 91 92 93 94 95 98 99 
35 73 0 1 2 5 6 7 8 9 10 11 12 13 14 15 18 19 20 21 22 24 26 27 28 30 31 32 33 36 37 38 39 40 41 42 43 45 46 47 48 49 50 51 52 53 54 55 57 58 60 63 64 67 68 69 73 74 75 76 77 78 80 82 84 85 86 89 90 91 93 96 97 98 99 
36 79 0 1 2 3 4 6 7 8 10 11 12 13 14 15 17 18 19 20 22 24 25 26 27 29 30 31 33 35 37 38 39 41 42 43 45 47 48 49 50 51 52 53 55 56 58 59 60 61 62 63 65 66 68 70 73 74 75 76 77 78 79 80 81 82 83 84 85 86 87 88 89 90 91 94 95 96 97 98 99 
37 71 0 4 8 9 10 13 14 15 16 17 18 20 22 23 24 25 27 28 31 32 34 36 38 39 40 41 42 43 44 46 47 48 49 50 51 52 53 56 57 58 59 60 62 63 64 65 66 67 68 69 70 72 74 76 77 79 80 81 83 84 85 87 88 91 92 93 94 95 96 97 98 
38 79 0 1 3 5 6 7 8 9 10 11 13 14 16 17 18 19 20 21 22 23 24 25 26 27 28 29 30 32 34 35 36 37 40 43 44 45 46 47 48 50 54 55 56 57 58 59 61 62 64 65 66 67 68 69 70 71 72 73 74 75 76 77 78 79 81 82 83 84 86 88 89 90 92 93 94 95 96 97 99 
39 79 0 1 3 5 6 8 9 11 13 14 15 16 18 19 20 21 22 23 24 25 26 27 29 30 31 32 33 35 36 37 38 40 41 42 43 44 46 47 48 49 50 51 52 53 54 56 58 60 61 62 64 66 67 69 70 71 73 74 75 76 77 78 79 80 81 82 83 84 85 86 88 89 90 91 92 95 97 98 99 
40 76 1 2 3 4 5 6 7 10 11 13 15 16 17 18 19 21 22 25 28 29 30 31 32 35 36 37 39 41 42 44 47 48 49 50 51 52 53 54 55 56 57 58 59 61 62 63 64 65 66 67 69 71 72 73 74 76 77 78 79 80 81 83 84 86 87 88 89 90 91 92 93 94 95 96 98 99 
41 75 0 2 3 4 5 6 7 8 9 10 11 12 13 14 16 17 19 20 21 22 23 24 25 26 27 28 29 31 33 34 35 36 37 39 43 44 46 47 49 50 52 55 56 57 58 59 60 61 62 63 64 65 66 67 69 70 71 72 73 76 77 79 80 81 82 85 86 87 88 89 90 94 97 98 99 
42 79 1 3 4 6 7 8 10 12 13 14 15 16 17 18 19 20 23 25 26 27 28 29 30 32 33 34 35 36 38 39 40 41 43 45 47 49 50 51 52 53 54 55 56 57 59 60 61 62 63 64 65 67 68 69 70 71 73 74 75 76 77 78 80 81 82 83 84 85 86 87 88 89 90 91 93 94 96 97 98 
43 75 0 2 3 4 5 6 7 8 9 11 12 14 15 16 17 18 19 20 21 22 23 25 26 27 28 29 30 31 32 33 34 36 37 40 41 42 44 45 47 48 49 50 51 52 53 56 57 58 59 60 62 63 65 66 69 72 73 75 76 77 78 79 80 82 85 88 89 90 91 92 93 94 95 96 97 
44 75 0 1 2 3 4 5 6 7 8 9 10 12 13 14 16 18 19 21 22 23 25 27 28 29 30 31 33 34 36 37 39 41 45 46 47 48 49 50 51 52 53 54 55 56 58 60 61 62 63 64 65 67 68 71 72 74 75 76 78 81 83 84 85 86 87 88 89 90 91 92 93 94 95 96 97 
45 73 0 2 3 4 5 6 7 8 9 10 13 14 15 16 17 22 23 24 25 26 27 29 31 34 35 36 37 39 41 42 43 44 46 47 49 50 51 52 53 54 55 56 57 58 59 60 61 62 64 66 68 70 71 72 73 74 75 79 80 81 83 85 86 87 88 91 92 93 94 96 97 98 99 
46 78 1 3 7 8 9 10 11 12 13 15 18 19 20 21 22 23 25 26 27 28 29 30 31 32 34 35 38 39 40 41 42 43 44 45 47 48 49 50 51 52 53 54 55 56 57 58 59 60 61 62 65 66 67 68 69 70 71 72 73 74 75 76 78 79 80 82 83 84 85 86 87 88 89 91 92 93 96 99 
47 81 0 1 2 4 5 6 7 8 9 10 11 12 13 15 16 17 18 19 20 21 24 25 26 27 28 29 30 33 34 36 37 39 40 42 43 45 46 48 49 50 51 52 53 54 56 58 59 61 62 63 64 65 66 67 68 69 70 72 73 74 75 77 78 79 80 81 83 84 85 86 87 88 90 91 92 94 95 96 97 98 99 
48 78 1 3 4 5 6 8 10 11 13 14 16 18 20 21 22 23 24 25 26 27 28 29 30 32 33 34 35 36 38 39 40 41 42 44 45 46 47 49 50 51 52 53 54 55 56 57 59 60 61 62 63 65 69 71 72 73 74 75 76 77 78 79 80 81 82 83 84 86 88 89 91 92 93 94 95 96 98 99 
49 83 0 2 3 5 6 7 8 9 11 13 14 16 17 18 19 20 21 23 24 25 26 27 28 29 30 31 32 35 36 37 38 39 40 41 42 43 44 45 46 47 48 50 51 53 54 55 56 57 58 59 60 61 62 63 64 65 66 68 70 71 72 74 75 76 79 80 81 82 84 85 86 87 88 90 91 92 93 94 95 96 97 98 99 
50 73 0 1 2 4 5 6 7 8 9 11 12 13 15 16 18 20 22 24 26 27 28 30 31 32 34 35 36 37 38 39 40 41 42 44 46 48 49 51 52 53 54 56 57 59 60 61 62 63 64 66 67 69 70 72 73 75 76 78 79 80 82 85 86 88 89 90 91 93 94 95 96 97 99 
51 78 0 1 2 3 4 5 7 8 9 12 13 14 18 19 20 21 22 23 24 25 26 27 28 29 30 32 33 34 36 37 38 39 40 42 43 44 45 46 47 48 50 52 53 55 56 58 59 60 61 62 63 64 65 66 67 68 69 70 72 73 74 75 76 77 80 81 82 83 84 85 86 87 90 91 93 94 95 96 
52 81 0 1 2 3 4 6 7 8 9 10 11 13 14 15 16 17 19 22 23 24 25 26 27 29 31 32 33 34 35 36 37 38 39 40 41 42 43 45 46 47 48 49 51 53 55 56 57 58 59 61 62 63 64 67 68 69 70 71 73 74 75 76 78 79 80 81 82 84 85 86 87 88 89 90 91 92 93 94 97 98 99 
53 78 0 2 3 4 5 6 8 9 10 11 12 13 15 16 17 19 20 21 22 23 25 28 29 30 32 33 34 36 37 38 40 41 42 43 44 45 46 47 48 50 51 52 54 55 57 58 59 60 61 63 65 66 67 68 70 71 73 74 75 76 77 79 80 81 82 83 84 85 87 88 91 92 93 94 95 96 97 98 
54 86 0 1 2 3 4 5 6 7 8 10 12 13 14 15 16 17 18 19 21 22 23 24 26 27 29 30 31 32 33 34 35 36 37 38 40 41 42 45 46 47 48 49 50 51 52 55 56 57 58 59 60 61 63 64 65 66 67 68 69 70 71 72 73 74 76 77 78 79 80 81 82 83 84 85 86 87 88 89 90 91 92 94 95 96 97 98 
55 84 0 1 3 5 6 7 8 9 10 11 12 13 15 16 17 18 19 20 21 22 23 24 27 28 29 30 31 33 34 35 36 37 38 39 40 43 44 45 47 48 49 50 52 53 56 57 58 59 60 61 62 63 64 65 66 68 69 70 71 72 73 77 78 79 80 81 82 83 84 85 86 87 88 89 90 91 92 93 94 95 96 97 98 99 
56 80 0 1 2 3 4 5 6 7 8 10 11 12 13 14 15 16 17 18 20 21 22 23 26 27 28 29 30 31 32 33 34 35 36 38 39 41 42 43 44 45 47 48 49 50 51 52 53 55 57 58 59 61 63 64 65 66 67 68 69 70 72 73 74 75 76 77 78 80 81 82 84 85 88 89 91 92 94 97 98 99 
57 80 1 3 4 5 6 7 8 9 10 12 13 15 17 18 19 20 21 22 23 25 26 27 28 29 30 31 32 34 36 37 38 39 40 41 42 44 45 47 48 49 51 52 53 54 55 56 59 62 64 65 66 67 68 69 70 71 72 73 74 75 76 78 79 80 82 83 84 85 87 88 89 90 91 92 94 95 96 97 98 99 
58 79 0 1 2 3 4 5 6 7 8 10 13 14 15 16 17 18 19 20 21 23 24 25 26 27 29 30 31 32 33 36 37 39 40 41 42 43 44 46 47 48 49 50 52 54 55 56 57 59 60 61 62 63 64 65 66 67 69 71 72 73 75 77 78 79 80 81 83 84 85 86 87 88 89 90 93 96 97 98 99 
59 79 1 3 4 5 6 7 8 9 10 11 12 13 14 15 16 17 19 20 21 22 23 25 26 27 31 32 34 35 36 37 39 40 41 42 44 45 48 49 50 52 54 55 56 57 58 60 61 62 64 65 66 67 68 69 70 71 72 73 74 75 76 78 79 80 81 82 86 87 89 90 91 92 93 94 95 96 97 98 99 
60 75 0 2 3 4 5 6 7 10 11 16 17 19 20 21 22 23 24 26 28 29 30 31 32 33 34 35 36 37 38 39 41 42 43 44 45 46 47 48 50 54 55 58 62 63 65 66 67 68 69 70 71 72 73 74 75 77 78 79 81 83 84 85 86 87 88 90 91 92 93 94 95 96 97 98 99 
61 82 0 1 2 3 4 6 7 8 9 10 11 12 13 14 15 16 17 18 21 22 23 24 25 26 27 28 29 30 31 34 35 36 38 39 40 41 42 43 44 45 46 47 48 50 51 52 53 54 55 56 57 59 60 64 66 67 68 69 70 71 72 76 77 78 79 80 81 82 83 85 86 87 88 89 90 91 92 94 96 97 98 99 
62 75 0 2 3 4 6 8 9 10 13 14 15 16 17 18 20 22 24 26 27 29 31 32 33 34 35 36 37 39 40 41 42 43 46 47 48 50 51 52 53 54 56 57 61 63 64 65 66 67 68 69 70 71 72 73 74 75 76 77 78 79 80 83 84 86 87 89 90 92 93 94 95 96 97 98 99 
63 84 1 2 3 4 5 6 8 9 10 12 13 14 15 16 17 19 20 21 22 24 25 27 28 29 30 31 32 33 34 35 36 38 40 41 42 43 44 45 47 50 51 52 53 55 57 58 59 60 61 62 64 65 66 67 68 69 70 71 72 73 74 75 76 77 78 79 80 81 83 84 85 86 87 88 89 90 91 92 93 94 95 96 98 99 
64 79 0 3 4 5 6 7 8 9 10 13 14 15 16 18 19 20 21 22 24 25 26 27 28 29 30 32 33 34 35 36 38 39 40 41 42 43 44 45 47 48 49 51 54 55 56 57 58 59 60 62 65 66 68 69 71 72 73 74 75 76 77 78 79 80 82 83 85 86 87 88 89 91 92 93 94 95 96 98 99 
65 83 0 1 2 3 4 5 6 7 8 9 10 11 12 13 15 16 17 18 20 21 22 24 26 27 30 32 33 34 35 36 37 39 40 41 42 43 44 45 46 47 49 52 53 54 55 56 57 59 60 61 62 64 66 67 68 69 70 71 72 73 74 75 76 77 78 80 81 82 83 84 87 88 89 90 91 92 93 94 95 96 97 98 99 
66 76 1 2 4 5 6 8 9 10 11 12 13 14 16 17 19 21 22 23 25 26 27 28 30 34 35 36 38 40 41 42 43 44 45 46 49 50 52 53 54 55 56 57 60 61 62 63 64 65 67 68 69 70 71 73 74 75 76 77 78 79 80 81 82 83 84 85 86 88 89 90 91 93 94 95 97 98 
67 76 0 1 2 3 4 7 9 11 13 15 17 19 20 21 22 24 26 27 29 30 31 32 33 34 36 37 38 39 40 42 43 44 45 47 48 49 50 51 53 54 55 56 57 60 61 62 63 65 66 68 69 70 71 72 73 74 75 77 78 79 80 81 82 84 85 86 88 89 90 92 93 94 95 96 97 99 
68 80 0 1 2 3 5 7 8 9 10 11 12 13 14 15 16 17 18 20 21 22 23 24 25 27 28 29 30 31 32 33 34 35 36 37 39 40 41 42 43 45 46 47 49 51 53 54 57 58 59 61 62 63 64 65 66 70 71 72 73 74 75 76 78 80 81 82 84 85 86 87 88 89 90 93 94 95 96 97 98 99 
69 79 1 3 4 5 6 7 9 10 11 13 14 15 16 17 18 20 23 25 26 27 28 30 31 32 33 34 35 36 37 38 39 40 41 42 43 44 45 47 48 50 51 52 53 55 56 57 59 60 61 63 64 65 67 68 70 71 74 75 76 77 78 79 80 81 82 83 84 85 86 88 89 90 91 92 93 96 97 98 99 
70 78 0 1 3 4 5 6 10 11 12 13 14 15 16 17 18 19 20 21 22 23 24 25 26 28 29 30 32 33 34 35 36 39 40 42 43 44 46 48 49 50 51 52 54 55 57 58 59 61 63 64 65 66 67 71 72 73 75 76 78 79 80 81 82 83 84 85 86 87 88 90 91 92 93 94 95 97 98 99 
71 74 0 2 3 4 6 9 10 11 12 13 14 15 16 17 19 20 22 23 25 26 28 30 31 33 34 37 38 39 40 41 42 43 45 47 48 49 50 51 52 53 54 55 56 57 59 60 61 63 65 66 67 68 70 72 73 74 75 76 77 78 79 80 82 84 87 88 89 91 92 93 94 96 97 98 
72 85 0 3 4 5 6 7 8 9 10 11 12 13 14 15 16 17 19 21 22 24 25 26 27 28 31 32 33 34 35 36 37 38 39 40 41 42 43 44 45 47 48 49 50 51 52 53 54 55 57 59 61 62 63 65 66 67 68 69 70 71 73 74 75 76 77 78 79 80 81 82 84 85 86 87 88 89 90 91 92 94 95 96 97 98 99 
73 76 0 1 2 4 5 6 7 8 10 11 13 14 18 19 20 22 23 24 25 26 27 28 29 31 32 33 35 36 37 38 39 40 41 43 44 45 46 47 48 49 50 52 53 54 55 56 57 59 60 62 63 64 66 71 74 75 76 77 78 79 80 81 82 83 84 85 86 87 88 89 91 92 93 96 98 99 
74 82 0 1 2 3 4 6 7 8 9 10 11 13 14 15 16 17 19 20 21 22 23 24 25 26 28 30 31 34 35 36 37 38 39 41 42 43 44 45 46 48 49 50 51 53 54 55 58 59 60 61 62 63 64 67 68 69 70 71 72 73 75 76 77 79 80 81 82 83 84 85 86 87 88 89 90 91 93 94 95 96 98 99 
75 85 1 2 3 4 6 7 8 9 10 11 13 14 15 17 18 19 20 21 22 24 25 26 27 28 29 30 33 34 35 36 37 38 39 40 41 42 43 44 45 46 47 48 49 50 51 52 54 55 56 58 59 61 62 63 64 65 66 67 69 70 72 73 74 76 77 78 79 80 81 82 83 85 86 87 88 89 90 91 92 94 95 96 97 98 99 
76 76 0 2 3 4 5 6 7 9 10 11 12 14 17 19 20 21 22 24 25 26 27 28 29 30 34 36 37 38 39 40 41 42 45 46 47 48 50 51 52 53 54 55 56 57 58 59 61 62 63 65 66 67 68 69 71 74 75 77 79 80 81 82 84 86 87 88 89 90 91 92 93 94 96 97 98 99 
77 82 0 1 2 3 4 6 8 9 10 11 13 14 15 17 18 19 20 22 23 24 25 26 27 28 29 30 31 33 35 36 37 39 40 41 42 43 44 45 46 47 48 49 51 52 53 54 55 56 57 58 59 60 61 62 63 64 65 66 67 68 70 71 73 78 79 80 81 82 83 84 85 86 88 89 90 93 94 95 96 97 98 99 
78 75 0 1 3 4 5 6 7 8 9 10 12 13 14 15 17 18 19 21 23 25 26 27 28 30 31 32 33 35 37 38 39 40 41 43 44 46 47 48 50 51 52 53 54 55 56 58 60 61 62 63 66 68 70 72 74 75 76 80 81 82 83 84 85 86 88 89 90 91 92 93 94 95 96 98 99 
79 80 1 2 3 6 9 10 11 12 13 14 15 16 17 18 20 21 23 24 25 26 27 28 29 30 31 32 33 34 36 37 39 40 41 42 43 44 45 46 47 48 49 50 51 52 55 56 57 58 59 60 62 63 65 66 68 69 70 71 72 73 74 76 77 80 81 82 83 84 85 86 89 90 91 92 93 94 95 97 98 99 
80 82 0 1 2 3 4 5 6 7 8 9 10 11 12 13 14 15 16 17 18 20 21 22 23 24 25 26 31 32 34 35 36 37 38 39 40 41 43 44 45 46 47 49 50 51 52 53 54 55 57 58 60 61 62 63 65 66 68 69 70 71 72 73 74 75 76 77 78 79 81 82 83 84 85 87 88 89 90 91 92 94 95 98 
81 78 0 1 2 3 4 6 7 8 9 10 11 13 15 16 17 18 20 21 22 24 25 26 28 29 30 31 32 36 37 38 39 40 42 44 45 47 49 50 51 52 53 54 55 56 58 59 61 62 63 64 65 66 68 70 71 72 73 74 75 76 77 78 79 80 82 84 85 86 87 88 90 91 93 94 95 96 98 99 
82 77 0 1 2 3 4 5 6 7 9 10 11 13 14 15 17 18 19 20 21 22 23 26 28 29 31 32 33 35 36 37 38 39 40 42 44 45 46 47 48 51 53 54 55 56 57 58 59 60 61 62 63 65 67 68 69 71 73 74 75 76 77 78 79 80 81 83 86 87 89 90 91 92 94 95 96 98 99 
83 77 4 5 6 7 8 10 11 12 14 16 17 18 19 20 21 22 23 24 26 28 29 32 33 34 35 36 37 38 40 41 42 43 44 45 47 48 49 51 52 53 54 55 56 57 59 60 61 62 63 64 65 66 67 68 69 70 71 72 73 74 75 76 78 80 81 82 84 86 87 89 90 91 92 94 95 97 99 
84 74 2 4 6 7 9 10 11 12 13 17 18 20 21 22 23 24 25 27 29 30 32 35 36 37 38 39 40 41 42 43 45 47 48 49 50 51 52 53 55 56 57 58 59 61 62 63 64 66 67 68 69 70 71 73 75 76 78 79 80 81 82 83 85 86 88 89 90 91 92 93 94 97 98 99 
85 84 0 2 3 5 6 7 8 9 11 12 13 14 15 17 18 19 20 21 22 24 25 27 28 29 30 31 32 35 36 37 39 40 41 42 43 44 45 46 47 48 49 50 51 52 53 54 55 57 58 59 60 61 62 63 64 65 67 68 69 70 71 72 73 74 76 77 78 79 81 83 84 87 88 89 90 91 92 93 94 95 96 97 98 99 
86 81 0 1 2 3 4 5 7 8 9 12 13 14 15 16 17 18 19 20 21 22 23 24 25 26 28 29 30 32 34 35 36 37 39 40 42 43 44 46 47 48 49 50 51 52 55 56 57 58 59 60 61 62 64 65 67 68 69 70 71 72 74 75 76 77 78 79 80 81 83 84 85 87 88 89 90 91 92 93 95 98 99 
87 73 0 3 4 5 6 7 9 10 11 13 14 15 16 17 18 19 20 21 22 23 25 26 27 28 29 30 31 32 33 34 35 36 37 38 39 40 41 43 45 47 48 49 50 52 54 55 56 59 60 61 62 63 65 68 69 70 71 73 74 77 80 81 83 84 85 86 89 91 92 94 95 97 98 
88 79 0 1 2 3 4 5 6 7 8 9 11 12 13 15 16 17 18 21 22 23 24 25 27 28 30 31 32 33 34 36 37 38 39 41 42 43 44 45 46 47 48 50 51 52 53 55 56 57 58 59 60 62 63 64 65 66 67 68 70 71 72 73 74 76 77 78 79 81 84 86 89 91 92 93 95 96 97 98 99 
89 74 1 2 3 4 5 6 8 9 10 11 12 13 14 15 18 19 20 21 22 24 25 26 27 28 29 30 31 32 34 35 36 38 42 45 49 50 52 53 54 55 56 59 60 61 62 63 65 66 67 68 69 70 71 72 74 75 76 79 80 81 82 83 84 85 87 88 91 92 93 94 95 96 97 99 
90 73 0 1 2 4 5 6 7 8 9 11 14 15 16 17 20 21 22 23 26 27 28 31 32 34 35 36 37 38 39 40 41 42 44 45 46 47 49 50 51 53 55 57 59 60 61 62 63 64 66 67 69 70 72 74 76 77 78 79 80 82 84 85 86 87 88 89 91 93 94 95 96 97 99 
91 78 0 1 2 3 4 6 7 8 9 10 11 13 16 17 18 20 21 22 24 25 26 27 28 29 30 31 32 33 34 35 36 37 38 39 40 41 43 45 46 47 48 49 51 53 54 55 56 57 58 60 61 62 64 66 67 68 69 73 74 75 76 77 79 80 81 83 84 85 86 87 88 89 92 93 95 96 98 99 
92 86 0 2 4 5 6 7 8 9 10 11 12 13 14 15 16 17 18 19 20 21 23 24 25 26 28 29 30 31 32 33 35 36 37 39 40 41 42 43 45 46 47 48 50 51 52 53 54 55 56 57 58 59 61 62 63 64 65 66 67 68 69 70 71 72 73 74 76 77 78 79 80 81 83 85 86 87 88 89 90 91 93 94 96 97 98 99 
93 78 0 1 2 3 4 5 6 9 10 11 12 13 14 17 19 20 21 22 24 25 26 27 28 29 30 31 32 35 36 37 38 39 41 43 44 46 47 49 50 51 52 53 56 57 58 59 60 63 64 66 67 68 69 70 71 72 73 74 75 76 77 78 79 80 81 82 84 85 86 87 88 89 90 92 95 96 98 99 
94 79 0 1 2 3 4 5 7 8 9 10 12 13 14 15 16 17 18 19 20 22 23 24 25 26 27 28 29 30 31 32 33 35 36 37 38 40 42 44 45 46 48 50 51 52 54 56 57 58 59 61 62 63 64 66 68 69 70 71 73 74 75 76 77 78 79 80 81 83 84 85 87 88 90 91 92 95 97 98 99 
95 81 0 1 2 4 5 7 9 10 12 13 14 15 16 17 18 19 20 21 22 23 25 26 27 28 29 30 31 32 33 34 35 36 38 40 42 43 44 45 46 47 48 49 50 54 56 57 59 60 61 62 63 64 65 66 67 68 69 70 71 72 74 75 77 78 79 80 81 82 83 84 85 86 87 88 89 92 93 94 96 97 98 
96 79 0 1 2 3 5 6 8 10 11 12 13 15 16 17 18 19 21 22 23 24 25 26 27 28 29 30 31 33 34 35 36 38 39 41 42 43 46 48 50 51 53 54 55 56 57 58 59 60 61 62 63 67 68 69 70 71 72 73 74 75 77 79 80 81 83 84 85 87 88 89 90 91 92 93 94 95 97 98 99 
97 77 0 2 3 4 5 6 8 9 11 13 15 16 17 18 19 20 21 22 23 24 25 26 27 28 29 31 32 34 35 36 37 38 40 41 42 43 44 45 47 48 49 51 52 53 55 57 58 60 63 64 66 67 68 69 70 71 74 75 76 77 79 80 81 82 83 84 88 89 90 91 92 93 94 95 96 98 99 
98 75 1 2 4 5 6 7 8 11 12 13 15 16 17 19 20 22 23 24 25 26 27 30 32 33 34 35 37 38 39 41 43 44 45 46 47 48 49 50 51 52 53 54 55 56 57 59 61 62 63 64 65 67 68 69 70 72 73 74 75 77 78 82 83 84 85 86 88 89 90 91 93 94 95 96 97 
99 79 0 1 2 3 4 5 6 7 8 9 10 13 14 15 16 18 19 20 21 22 24 25 27 28 29 30 31 32 33 34 36 37 38 40 41 43 44 45 47 50 52 53 54 55 56 57 58 59 60 61 62 63 64 65 66 67 68 69 70 71 72 73 74 77 79 80 83 84 85 86 87 88 89 90 92 93 94 96 97 
