100
0 85 1 2 3 4 5 7 8 9 11 12 13 14 15 16 17 18 19 20 21 22 24 25 26 27 28 30 31 32 33 34 35 36 37 38 39 40 41 42 44 45 46 47 48 49 50 51 52 54 55 56 57 58 59 61 62 63 64 65 66 67 68 69 70 71 72 73 75 77 78 80 81 82 83 84 85 86 87 88 90 91 92 93 95 96 98 
1 77 0 2 4 5 6 8 9 11 12 13 14 15 17 19 20 23 25 27 28 30 31 32 33 34 35 36 37 38 39 40 41 42 43 45 46 47 49 50 52 54 55 56 57 58 59 60 61 62 63 64 65 66 67 68 69 70 71 73 74 75 76 77 78 81 82 83 84 85 86 87 92 93 94 96 97 98 99 
2 80 3 4 7 8 9 11 12 13 14 15 16 17 18 19 20 21 22 23 24 25 26 27 28 30 32 33 34 35 36 37 39 40 41 42 43 44 46 47 48 49 54 55 56 57 58 59 60 61 62 63 64 67 68 69 70 71 72 74 75 76 77 78 79 80 81 84 85 86 87 88 89 90 91 93 94 95 96 97 98 99 
3 81 0 1 4 5 6 7 8 9 10 11 12 13 14 15 16 17 19 21 22 24 25 26 27 28 29 30 31 32 33 35 36 37 38 41 43 44 46 47 48 50 51 52 53 54 55 56 57 58 60 61 62 64 65 66 67 68 69 70 72 73 74 75 77 78 79 80 81 82 83 84 85 86 88 89 90 91 94 95 96 97 98 
4 82 0 1 2 3 6 7 9 10 11 12 13 15 17 18 19 20 22 24 25 27 28 29 30 31 32 33 35 36 39 40 41 42 43 44 45 46 47 49 50 51 53 54 55 56 57 58 60 61 62 63 64 66 68 69 70 71 72 73 74 75 76 77 78 79 80 81 82 83 84 85 86 87 88 89 90 92 94 95 96 97 98 99 
5 76 0 1 2 7 8 11 12 13 14 15 16 17 18 21 23 24 25 26 27 29 30 31 32 33 34 35 36 38 42 45 48 49 50 51 52 53 54 55 56 57 59 60 61 62 63 64 65 66 67 68 69 70 71 72 73 74 75 76 77 79 80 81 82 83 84 86 87 88 91 92 93 94 95 96 98 99 
6 84 0 1 2 3 5 7 8 9 10 11 12 14 15 16 17 18 19 22 23 24 25 26 27 28 29 30 31 32 33 34 35 36 37 38 39 40 42 43 44 45 47 49 51 52 53 54 57 59 60 61 63 64 65 66 67 68 69 71 72 73 74 75 76 77 78 79 80 81 82 83 84 85 86 87 88 89 90 92 93 95 96 97 98 99 
7 81 0 1 3 4 5 8 9 10 11 12 13 14 15 16 17 18 19 21 22 23 24 25 26 27 28 29 30 32 34 35 37 38 41 42 43 44 45 46 47 48 49 50 51 52 54 55 57 58 59 60 61 63 64 65 66 67 68 69 70 72 73 75 76 77 78 79 81 82 83 84 85 86 87 89 90 93 95 96 97 98 99 
8 79 0 1 2 4 5 7 9 11 13 14 15 16 17 18 19 20 23 24 25 26 27 29 30 31 32 33 34 35 36 37 38 39 40 42 43 44 46 47 48 49 50 51 52 55 56 57 59 60 62 64 65 67 68 69 70 71 72 73 74 75 76 78 79 81 82 83 85 86 87 88 90 92 93 94 95 96 97 98 99 
9 77 0 1 2 3 4 5 6 8 10 11 12 13 14 15 16 17 19 21 23 24 25 26 27 28 29 30 31 32 34 35 37 38 40 41 42 43 45 47 48 51 52 53 54 55 56 57 58 59 62 63 64 65 66 67 68 69 71 72 74 75 76 77 79 81 82 84 85 86 87 88 90 92 93 94 95 96 99 
10 79 0 1 2 4 5 6 8 9 11 13 14 16 17 18 21 23 24 25 27 28 30 31 32 33 35 36 37 38 39 41 43 44 47 48 49 50 52 54 55 56 57 58 60 61 62 63 64 65 66 68 69 70 71 72 74 75 76 77 78 79 80 81 82 83 84 85 86 87 89 90 91 92 93 94 95 96 97 98 99 
11 82 0 1 2 3 4 6 7 8 9 10 13 14 15 16 19 20 21 22 23 25 26 27 28 29 30 31 32 33 34 35 36 38 39 41 42 43 44 45 46 47 48 49 50 51 52 53 54 57 58 59 60 61 62 63 64 65 69 70 71 72 73 75 76 77 78 79 81 83 84 85 86 87 88 89 90 91 92 94 95 96 97 99 
12 83 0 1 2 3 4 5 6 7 8 9 10 11 14 15 16 18 19 20 22 23 24 25 27 28 29 30 31 32 33 34 35 36 38 39 42 43 44 46 49 50 51 52 53 54 55 56 57 58 59 60 62 63 64 65 66 67 68 69 70 71 72 73 74 76 77 78 79 81 83 84 85 86 87 88 89 90 91 94 95 96 97 98 99 
13 75 0 1 2 3 5 6 7 8 9 10 11 12 14 15 16 17 18 20 21 24 25 26 27 28 29 30 31 32 34 35 36 37 39 44 45 46 47 48 49 50 52 53 54 55 56 57 58 59 61 63 64 65 66 67 68 69 72 73 74 77 79 80 81 82 83 84 85 86 88 93 94 95 96 97 98 
14 81 1 2 3 4 5 6 7 8 9 11 12 13 15 16 17 18 19 20 21 22 23 24 25 28 29 30 31 32 33 35 36 37 38 39 42 43 44 45 46 47 48 50 51 52 53 54 55 56 57 58 60 61 63 64 66 67 68 69 70 72 74 75 76 77 78 79 80 82 84 85 86 88 89 90 91 92 94 95 96 97 98 
15 77 1 2 3 4 5 6 7 8 9 10 11 12 13 16 18 19 20 21 23 24 25 27 28 29 30 31 32 33 34 35 37 39 40 41 44 46 48 49 50 53 54 55 56 57 58 59 60 63 64 66 67 68 69 71 73 74 75 76 77 78 79 80 81 82 83 84 85 86 87 88 89 91 92 95 96 97 99 
16 80 0 1 2 4 5 6 7 8 10 12 13 14 15 17 18 19 20 23 24 25 26 29 30 31 32 33 35 36 37 38 39 40 41 42 43 44 45 46 47 48 49 50 52 53 54 55 56 57 58 59 60 61 63 64 65 66 68 69 70 71 72 74 76 77 80 81 82 83 84 85 86 90 91 92 93 95 96 97 98 99 
17 78 0 1 2 3 4 5 7 8 9 10 12 13 15 20 21 22 23 24 25 26 27 29 30 31 32 33 34 35 36 38 39 42 44 45 46 47 48 50 51 53 54 55 56 57 58 59 60 61 62 63 64 66 68 69 70 71 72 74 75 76 77 78 80 81 83 85 86 87 88 89 91 92 93 94 95 96 98 99 
18 74 0 2 4 6 7 8 9 11 12 13 16 20 21 22 23 24 25 26 28 29 30 31 32 34 35 37 38 39 42 43 44 45 46 47 48 50 51 52 53 54 55 56 58 59 60 61 62 63 64 65 67 68 69 72 73 74 75 76 77 78 79 81 82 83 85 86 87 88 89 90 91 93 95 98 
19 82 0 1 2 4 5 7 8 9 10 11 12 13 14 15 16 17 18 20 21 23 24 25 26 27 28 29 30 31 32 35 36 37 38 39 40 41 42 43 44 45 46 47 49 51 55 58 59 60 61 63 64 65 66 67 68 69 70 72 73 74 75 77 78 79 80 81 82 83 84 85 86 87 88 89 90 92 93 94 95 96 97 98 
20 74 0 1 2 3 4 5 6 7 8 9 10 11 13 14 15 17 18 19 21 22 23 24 25 27 28 29 30 31 32 33 35 36 37 39 40 43 45 47 49 50 52 53 56 57 58 59 60 62 63 64 67 68 69 70 73 74 75 79 80 81 82 84 85 86 87 88 89 90 91 92 93 95 96 99 
21 83 0 1 2 3 4 6 7 8 9 10 11 12 13 14 15 16 17 18 19 20 22 23 24 25 26 27 28 29 30 31 32 34 35 37 38 39 40 41 42 43 44 45 46 48 49 50 51 53 54 55 56 57 58 59 60 61 62 63 64 65 66 68 69 70 73 74 75 76 77 79 80 82 84 85 86 87 89 91 92 94 96 98 99 
22 75 0 1 2 3 6 7 9 12 13 14 16 17 18 20 21 23 24 26 27 28 29 31 34 35 36 37 39 40 41 43 44 45 46 47 49 50 51 53 56 58 59 60 61 62 63 64 65 66 67 68 70 71 72 74 75 76 77 78 79 80 81 83 84 85 86 87 88 89 90 92 93 94 95 96 98 
23 81 2 3 4 5 7 8 10 11 12 13 14 15 16 17 18 19 21 22 24 26 27 29 30 31 32 33 34 35 36 37 38 39 40 41 42 43 44 45 46 47 48 50 51 52 53 54 56 57 58 60 61 62 63 64 65 66 71 73 75 76 77 78 79 80 82 83 84 85 86 88 89 90 91 92 93 94 95 96 97 98 99 
24 78 2 3 5 6 7 8 9 10 11 12 13 14 16 17 19 20 21 23 25 26 28 29 30 32 33 34 35 36 40 41 43 44 45 46 47 48 50 51 52 53 54 55 57 58 59 60 61 63 64 65 66 68 69 70 71 72 75 77 78 79 80 81 83 84 85 86 87 88 89 90 92 93 94 95 96 97 98 99 
25 83 0 1 2 3 4 5 6 7 8 9 10 11 12 13 14 15 16 17 18 19 21 23 24 26 27 28 29 30 31 32 33 35 36 38 39 41 42 43 44 45 46 47 49 50 51 52 54 55 56 57 59 60 61 62 63 65 66 67 68 70 72 73 74 75 76 77 78 80 81 82 83 84 85 86 87 88 89 90 91 92 93 95 96 
26 77 0 1 2 3 4 5 6 8 9 10 11 12 13 16 17 20 21 22 23 24 27 28 29 31 32 33 35 37 38 39 40 41 43 44 45 47 48 49 50 51 52 53 55 56 57 58 59 60 62 63 65 66 67 68 69 71 72 73 75 76 77 78 79 81 84 86 87 88 89 90 91 92 94 95 96 98 99 
27 78 0 2 4 5 6 8 10 11 12 14 15 16 17 18 20 23 24 25 26 28 29 30 31 32 33 34 36 37 39 40 41 42 45 46 47 48 50 51 52 53 54 55 56 57 58 59 60 63 64 66 67 69 70 71 72 73 74 75 76 77 78 79 80 81 82 84 85 86 87 88 89 90 92 93 94 95 96 97 
28 80 0 1 2 3 4 5 6 8 9 10 12 13 14 15 16 18 19 20 21 23 24 25 26 27 29 30 31 33 34 36 37 38 39 40 41 42 43 44 46 47 49 50 52 54 55 57 58 59 60 61 62 63 64 65 66 68 69 70 71 72 75 77 78 79 80 81 82 83 84 85 86 88 89 90 91 93 94 97 98 99 
29 73 0 1 2 3 4 7 9 10 11 12 13 14 15 16 17 18 20 21 22 23 24 25 27 28 31 32 34 36 38 39 40 41 42 44 45 46 47 49 53 54 55 56 57 58 59 60 61 62 63 64 65 67 68 70 73 75 76 77 78 81 82 86 88 89 90 91 92 93 94 96 97 98 99 
30 77 0 1 2 3 4 5 6 8 10 11 12 13 14 15 16 17 18 19 20 22 23 24 25 27 29 31 33 34 35 36 38 40 43 44 45 46 47 48 49 50 52 55 56 57 58 59 60 61 64 65 67 68 69 70 71 72 74 75 76 77 78 79 80 81 83 84 85 86 87 88 89 90 93 94 96 97 99 
31 84 1 3 4 6 7 8 9 11 12 13 14 15 16 17 18 19 20 21 22 23 24 25 26 27 29 30 32 33 34 35 36 37 38 40 41 42 43 44 46 47 48 49 50 51 54 55 57 58 59 60 61 62 63 64 66 67 68 70 71 72 73 74 76 77 78 79 80 81 82 85 86 87 88 89 90 91 92 93 94 95 96 97 98 99 
32 84 0 1 2 3 4 5 6 7 8 9 11 12 14 15 16 17 18 20 21 23 24 25 26 27 28 29 30 31 33 34 35 36 37 38 39 40 42 43 44 45 46 47 48 49 50 51 52 53 54 55 56 57 59 60 61 62 63 64 65 67 68 69 70 72 74 75 76 78 79 81 82 83 84 85 86 87 90 91 92 93 94 95 97 98 
33 77 1 2 3 4 5 6 7 8 9 10 11 12 13 14 16 17 18 21 23 24 25 26 27 28 29 31 32 34 35 36 37 38 39 40 41 43 44 45 51 52 53 54 55 60 61 62 63 66 67 68 69 70 71 72 73 74 75 76 77 78 79 80 81 84 85 86 87 88 89 90 91 92 93 94 95 96 98 
34 74 0 1 2 3 4 5 6 8 10 11 13 14 15 16 17 19 21 22 23 24 25 27 29 30 31 32 33 36 37 38 39 40 41 42 43 44 45 46 48 49 52 56 58 61 62 63 64 66 67 68 69 70 76 77 78 79 80 81 82 83 85 86 87 88 89 90 91 93 94 95 96 97 98 99 
35 79 0 2 5 6 8 9 10 11 12 13 14 16 17 18 19 20 21 23 25 27 28 31 32 33 34 37 38 39 40 41 42 43 44 45 46 47 48 49 51 52 54 55 56 58 59 60 61 62 63 64 66 68 69 70 72 73 74 75 76 77 78 79 80 81 82 83 85 86 87 88 89 90 91 92 93 95 97 98 99 
36 79 0 1 2 3 4 5 7 8 9 10 11 12 13 14 16 18 19 21 22 24 25 26 27 28 30 31 32 33 34 35 38 39 40 43 44 45 46 48 50 51 52 54 55 56 58 59 62 63 64 66 67 68 69 71 72 73 74 75 76 77 78 79 80 81 82 83 84 85 86 87 88 89 90 92 93 96 97 98 99 
37 87 0 2 4 5 6 7 8 10 11 13 14 15 16 17 18 19 20 21 22 23 24 25 26 27 29 30 31 32 34 36 38 39 40 41 43 44 45 46 47 48 49 50 51 53 55 56 57 58 59 60 61 62 63 64 65 66 67 68 69 70 71 72 73 74 76 77 78 79 80 81 82 83 84 85 86 87 88 90 91 92 93 94 95 96 97 98 99 
38 78 0 1 2 3 4 5 6 7 8 9 10 12 13 15 17 18 19 20 21 23 24 25 26 27 28 29 31 33 34 35 37 39 40 43 44 45 48 49 50 52 53 54 55 56 57 58 60 61 62 63 64 65 67 68 69 70 71 72 74 75 76 77 78 80 81 82 84 85 86 87 89 90 91 92 94 97 98 99 
39 79 0 1 2 3 4 9 10 11 12 13 14 17 18 19 20 21 22 24 25 26 28 29 31 32 33 34 35 36 38 40 41 42 44 45 46 47 48 49 50 51 52 54 55 56 57 58 59 61 63 64 66 67 68 69 70 71 73 74 75 76 77 79 80 81 82 83 84 85 86 87 88 89 90 91 92 95 96 97 99 
40 74 1 2 3 4 6 7 9 10 11 13 14 15 16 17 18 19 20 21 23 24 26 29 30 32 35 37 38 39 41 42 43 44 45 46 47 48 49 51 52 53 55 56 57 58 59 60 61 62 64 66 67 68 69 70 71 72 73 74 76 77 78 79 81 83 84 85 87 89 90 91 94 95 97 98 
41 80 0 1 3 4 5 6 7 8 10 11 12 13 15 16 17 18 19 20 22 23 24 25 26 27 29 33 34 35 36 37 38 39 40 42 43 45 46 48 50 51 52 53 55 56 57 58 59 60 61 62 63 64 65 67 68 69 71 73 74 75 76 77 78 79 80 81 82 83 84 85 86 87 89 92 93 95 96 97 98 99 
42 79 0 2 3 4 5 7 8 9 11 12 13 14 15 16 17 18 20 22 24 25 26 27 28 30 31 32 33 34 35 36 37 38 39 41 43 44 45 46 48 49 51 53 54 57 59 60 62 64 65 67 68 69 70 71 73 74 75 76 77 78 79 80 81 82 83 84 85 86 87 88 89 91 92 93 94 95 97 98 99 
43 83 0 3 4 5 6 7 8 9 10 11 12 13 14 16 17 18 19 20 23 25 26 27 28 29 30 31 32 33 35 37 38 39 40 41 42 44 45 46 47 48 49 51 52 53 54 55 56 57 59 60 61 62 63 64 65 66 67 70 71 72 73 74 75 76 77 78 79 80 81 82 83 84 85 87 88 89 91 92 93 94 96 97 99 
44 86 1 2 3 4 5 6 7 8 9 10 11 12 13 14 15 16 17 18 19 20 21 23 24 25 26 27 29 30 32 33 35 36 37 38 39 41 42 43 45 47 48 49 50 51 52 53 54 56 57 58 59 60 61 63 64 65 67 68 69 70 71 73 74 75 76 77 78 79 80 82 83 84 85 86 87 88 89 90 91 92 94 95 96 97 98 99 
45 81 0 1 2 3 5 6 7 8 10 11 13 16 17 19 20 21 22 23 24 25 26 27 30 31 32 33 34 35 37 38 39 42 43 46 47 48 49 51 52 53 54 55 57 58 59 60 61 62 63 64 65 66 67 68 69 70 71 73 74 75 76 77 78 80 82 83 84 85 86 87 88 89 90 91 92 93 94 95 97 98 99 
46 80 0 1 2 3 4 5 6 7 8 9 10 11 13 14 15 16 17 18 19 22 23 24 25 26 27 28 29 32 33 34 35 36 37 38 39 41 42 43 45 49 50 51 53 54 55 56 57 59 60 61 62 65 66 67 68 70 71 72 75 76 77 78 79 81 82 84 85 86 87 88 89 90 91 93 94 95 96 97 98 99 
47 74 0 1 3 4 6 7 9 10 11 12 13 14 16 17 18 19 20 21 22 24 25 26 28 29 30 31 32 33 34 38 39 40 41 43 44 45 46 48 50 51 52 54 55 56 57 58 59 60 61 62 63 65 66 68 69 70 71 74 75 76 77 78 80 81 83 85 86 89 91 92 94 95 96 99 
48 82 1 2 4 5 6 7 9 10 11 12 13 14 15 16 17 18 20 22 23 24 25 26 27 28 29 30 31 32 33 34 35 36 37 38 39 40 42 43 44 45 46 47 50 52 53 54 55 56 58 59 60 62 63 64 65 66 67 68 71 72 73 74 76 77 78 79 80 81 82 84 86 87 88 89 90 91 92 93 94 96 97 98 
49 79 1 2 3 6 7 9 10 11 12 13 14 15 16 17 18 19 20 21 22 23 24 26 27 28 29 30 31 32 34 35 36 37 38 39 40 41 43 44 46 48 50 51 53 54 55 56 58 59 60 61 62 64 66 67 68 71 74 76 77 78 80 81 82 83 84 85 86 87 88 89 90 91 92 93 94 95 96 97 99 
50 84 0 1 2 3 4 6 7 8 10 11 14 15 16 17 18 19 20 21 22 23 24 26 27 28 29 30 31 32 33 34 35 36 37 38 39 40 41 42 43 44 45 46 48 49 51 53 54 55 56 57 58 59 61 62 63 64 65 66 67 68 69 70 71 72 73 76 77 79 80 81 82 83 84 85 87 88 89 90 93 94 95 96 97 99 
51 82 1 2 4 5 7 8 9 11 12 13 14 15 16 18 19 21 22 23 25 26 27 28 30 31 32 34 35 36 37 38 39 40 41 42 43 44 46 48 49 52 53 54 55 57 59 60 61 62 63 64 65 66 68 69 70 71 72 73 75 76 77 78 79 80 81 83 84 85 86 87 88 89 90 91 92 93 94 95 96 97 98 99 
52 85 0 1 2 3 4 5 6 7 8 9 10 11 12 13 14 15 16 17 18 20 21 22 23 24 25 26 27 28 29 30 31 32 33 34 35 36 38 39 40 41 42 43 46 49 50 51 54 55 56 57 58 59 60 61 63 64 65 66 67 68 70 71 72 73 74 75 76 77 78 79 81 83 84 85 86 87 88 89 91 92 94 95 96 98 99 
53 79 1 2 4 7 9 10 12 13 14 15 16 17 18 19 20 21 22 23 24 25 26 27 28 29 30 31 32 33 34 35 36 38 39 40 42 44 45 46 47 49 51 52 55 56 57 59 60 61 63 65 66 67 68 69 70 71 73 75 76 77 79 80 81 82 83 85 86 87 88 89 90 91 92 93 95 96 97 98 99 
54 71 1 2 3 4 5 6 7 8 9 10 11 12 15 16 17 18 21 22 23 24 25 26 27 28 29 31 33 34 35 37 38 40 43 44 45 46 48 49 52 55 56 57 58 59 61 62 63 65 68 70 71 73 75 76 77 78 80 81 82 83 85 86 87 88 89 90 91 96 97 98 99 
55 73 0 2 3 4 5 6 7 8 9 10 11 13 14 15 16 17 18 19 20 21 22 23 25 26 29 31 32 34 35 36 37 38 39 40 41 45 48 49 50 51 52 53 56 57 58 59 63 64 65 66 67 69 70 71 72 73 76 77 78 80 81 83 85 87 88 89 91 92 94 95 97 98 99 
56 81 1 2 3 4 5 6 8 9 10 11 12 14 15 16 17 18 19 20 21 23 24 25 26 27 28 29 30 32 33 34 35 36 37 38 39 41 43 47 49 50 51 53 54 55 58 59 60 61 62 63 64 65 66 67 68 69 71 73 75 76 77 78 79 80 81 82 83 84 85 86 87 89 90 92 93 94 95 96 97 98 99 
57 82 0 1 2 3 4 6 7 8 9 10 11 14 15 17 18 19 20 21 23 24 25 26 27 28 29 30 31 33 35 37 38 39 41 42 43 44 45 46 47 48 50 51 52 53 54 55 58 59 61 63 64 65 66 67 68 69 70 71 72 73 75 76 77 78 80 81 82 83 84 85 86 87 88 89 91 92 93 94 95 96 97 99 
58 81 0 2 3 4 5 6 7 9 10 11 12 14 15 16 17 18 19 20 21 22 23 25 27 28 30 31 32 35 37 38 39 40 42 43 44 46 47 48 49 51 52 53 55 56 57 59 60 61 62 63 64 65 66 68 69 70 71 72 73 74 76 77 79 80 81 82 83 84 85 86 87 88 89 90 91 92 93 95 96 97 98 
59 82 0 2 4 6 7 8 9 10 11 12 14 15 18 19 20 21 22 23 24 27 28 29 30 31 32 33 34 35 36 37 38 40 41 42 43 45 46 47 49 50 51 52 53 54 55 56 57 60 61 62 63 64 65 67 68 69 70 71 72 73 74 75 76 77 78 79 80 81 82 83 85 86 87 88 89 90 91 92 94 95 96 99 
60 84 0 1 2 3 4 5 6 7 8 11 12 13 14 16 17 18 19 20 22 23 24 25 26 27 28 29 31 32 33 34 35 36 37 38 39 40 41 42 43 44 47 48 49 50 51 53 54 55 56 57 62 63 64 66 67 68 69 70 72 73 74 75 76 77 78 79 80 81 83 84 85 86 87 88 89 90 91 92 93 94 95 96 98 99 
61 80 0 1 4 5 6 8 9 11 13 14 15 17 18 19 21 22 23 24 26 27 28 29 30 31 32 33 34 35 36 37 39 40 42 43 44 45 46 47 48 49 50 51 52 53 54 55 56 58 59 60 62 63 64 65 66 67 68 69 70 71 72 73 74 75 77 78 80 81 82 84 85 86 88 89 92 93 94 97 98 99 
62 80 0 1 2 4 5 7 8 9 11 12 13 15 16 17 18 19 20 21 23 24 25 26 27 28 29 30 31 33 34 36 37 38 39 41 42 44 45 46 47 48 49 52 55 56 57 58 60 61 63 65 66 67 69 70 71 72 74 75 76 77 78 79 80 81 82 83 84 85 86 87 88 89 90 91 92 93 94 96 98 99 
63 85 0 1 3 4 5 6 7 9 10 11 12 13 14 15 17 18 19 20 21 22 23 25 26 28 29 30 31 32 33 36 37 38 39 41 42 43 44 45 46 47 48 49 50 52 53 54 55 56 58 59 60 61 62 64 65 66 68 69 70 71 72 73 75 76 77 78 79 80 81 82 84 85 86 87 88 89 90 91 93 94 95 96 97 98 99 
64 78 0 1 2 3 4 5 6 7 9 10 12 13 14 15 16 17 18 20 21 22 25 27 28 29 30 31 33 35 37 38 39 40 41 42 43 44 45 46 47 48 49 50 51 52 54 55 56 57 58 59 60 61 62 65 68 70 71 72 73 74 75 77 78 79 80 81 85 86 88 89 90 91 92 94 95 96 98 99 
65 82 0 2 3 4 5 6 7 9 10 11 12 13 14 16 17 18 19 20 21 22 23 25 26 27 28 30 31 32 33 34 35 37 38 41 43 44 45 47 48 50 51 52 53 54 55 56 57 58 59 60 62 63 64 66 67 68 69 70 72 74 75 76 77 78 79 81 82 83 84 85 86 87 88 89 90 91 92 93 94 95 97 98 
66 82 0 1 2 4 5 6 8 9 11 12 13 16 17 18 20 21 22 23 24 25 26 27 28 29 31 32 33 35 36 38 39 40 42 43 44 45 46 47 48 49 50 51 52 53 54 55 56 57 58 61 62 63 65 67 68 69 70 71 72 73 74 75 76 77 78 79 80 81 82 83 85 86 88 89 90 93 94 95 96 97 98 99 
67 80 0 1 2 3 4 5 6 7 8 10 11 12 14 15 17 18 20 21 22 23 24 25 26 27 28 29 30 32 33 34 37 38 40 42 44 45 47 48 49 50 51 52 54 56 57 58 59 60 61 62 64 65 66 69 70 71 72 73 75 77 78 79 80 81 82 83 84 86 87 88 89 91 92 93 94 95 96 97 98 99 
68 83 0 1 2 3 4 5 6 7 8 9 10 11 12 14 15 16 17 18 19 20 21 22 23 24 25 26 28 30 31 32 33 34 35 36 37 38 40 41 42 43 44 47 48 49 50 51 52 53 55 56 58 60 61 62 64 65 66 67 69 70 72 73 74 75 76 78 79 80 81 82 84 85 87 88 89 90 91 92 93 94 95 96 98 
69 83 0 1 2 4 5 6 8 10 12 14 15 16 17 18 19 20 21 22 23 24 26 27 29 30 31 32 34 35 36 37 38 39 40 41 44 45 46 47 50 51 52 53 54 55 56 58 59 61 62 64 65 66 67 68 70 71 72 73 74 75 76 77 78 79 80 81 82 83 85 86 87 88 89 90 91 92 93 94 95 96 97 98 99 
70 78 0 1 3 4 6 7 8 9 10 11 12 13 14 15 16 17 19 20 21 22 23 24 26 27 28 29 30 31 32 34 35 37 39 40 41 43 44 45 46 48 49 50 51 52 53 54 55 56 59 60 61 62 63 65 66 68 69 71 72 74 75 79 80 81 82 83 84 85 86 87 88 89 90 91 92 94 97 99 
71 80 0 1 5 6 7 8 9 11 14 16 17 18 19 20 21 22 23 24 25 26 27 28 29 30 31 32 33 34 35 36 38 39 40 41 42 43 44 46 47 48 49 52 53 54 55 56 57 60 62 63 64 65 66 67 68 69 70 72 73 74 75 76 77 78 79 80 81 83 84 85 86 88 89 90 92 93 94 95 96 98 
72 75 0 1 3 4 6 9 11 12 14 16 17 18 19 20 21 22 23 24 25 26 27 28 29 31 33 34 35 37 38 39 41 42 43 44 46 47 48 49 50 51 52 54 55 56 57 58 59 60 61 62 64 65 66 68 70 71 73 74 75 76 77 78 80 82 83 84 85 86 87 88 91 93 95 97 98 
73 75 0 1 2 4 5 6 7 8 9 10 13 14 16 18 20 21 23 24 25 26 27 28 30 31 33 34 35 36 37 38 41 42 43 44 45 46 48 51 52 53 54 56 57 58 59 60 62 63 64 68 69 70 74 75 76 78 79 80 81 82 83 84 85 86 87 89 90 92 93 94 95 96 97 98 99 
74 75 0 2 4 5 7 8 9 10 13 14 16 17 18 19 20 21 22 23 24 25 26 27 31 32 33 34 35 36 37 38 41 43 44 45 46 48 50 51 52 53 54 56 58 59 60 61 62 63 65 68 69 70 71 72 73 75 77 78 79 81 83 84 85 86 88 89 90 91 92 93 95 96 97 98 99 
75 82 0 1 2 3 5 6 8 9 10 12 13 14 15 16 17 19 20 21 22 23 24 25 26 27 29 30 32 33 34 35 36 37 38 39 41 42 43 44 45 46 47 48 49 50 51 53 55 56 57 58 60 62 64 65 66 67 69 70 73 74 76 77 78 80 81 82 83 84 86 87 88 89 90 91 92 93 94 95 96 97 98 99 
76 77 0 1 2 3 4 5 6 7 8 9 10 11 12 15 16 17 18 19 20 21 22 23 24 25 26 27 28 29 30 32 33 35 36 37 38 39 40 41 43 44 45 46 47 48 50 51 57 59 60 62 63 64 65 66 67 68 69 70 71 73 74 75 77 78 81 82 83 84 87 88 91 92 93 94 95 97 99 
77 81 0 1 2 3 4 5 6 8 9 10 11 12 13 16 17 18 21 22 23 25 26 27 29 30 31 32 33 34 35 36 37 38 40 41 42 43 45 46 47 48 49 50 51 52 54 55 56 58 60 61 62 63 64 65 66 67 69 71 72 73 74 75 76 78 79 80 82 83 84 85 86 88 90 91 92 93 94 96 97 98 99 
78 85 0 1 2 3 4 5 6 7 8 9 11 13 14 15 16 18 19 20 21 22 23 24 25 26 27 28 30 33 34 35 36 37 38 39 40 42 43 44 45 46 47 48 49 50 51 53 54 55 56 57 59 61 62 63 64 65 66 67 68 70 71 72 73 74 75 76 77 79 82 83 84 85 86 87 88 89 90 91 92 93 94 96 97 98 99 
79 79 2 3 5 6 8 9 10 11 12 13 14 16 17 18 19 20 22 23 25 26 27 28 29 30 31 34 35 37 38 39 40 41 42 43 44 45 47 48 49 50 51 52 53 54 56 57 59 60 61 62 63 64 65 66 67 68 69 70 71 73 74 75 76 77 78 81 82 83 84 85 88 90 91 92 94 95 96 98 99 
80 87 0 1 2 3 4 5 6 7 8 9 10 11 14 15 16 17 18 19 20 21 22 23 24 25 26 27 28 29 30 31 32 35 36 37 38 39 40 41 43 44 46 47 48 50 51 53 54 55 56 57 58 59 60 61 62 63 64 65 66 67 69 70 71 72 73 74 75 76 77 78 79 81 83 84 85 86 87 88 89 90 92 93 95 96 97 98 99 
81 82 0 1 2 4 5 7 8 9 10 11 13 14 15 16 17 19 20 21 22 25 26 27 28 29 30 33 34 35 36 37 38 39 41 42 43 44 46 47 48 49 50 52 53 54 55 56 57 58 59 60 61 62 64 65 66 67 68 69 70 71 72 73 74 75 76 77 78 79 80 82 83 84 85 88 89 90 92 94 95 96 98 99 
82 71 0 2 4 5 7 9 10 13 14 17 20 21 22 24 25 26 27 29 31 32 33 34 36 37 38 39 41 42 43 44 45 48 49 50 51 52 54 55 56 58 59 60 61 63 65 66 68 69 70 71 72 73 74 75 77 78 79 81 83 84 85 87 88 89 90 91 92 93 95 97 98 
83 77 0 2 3 4 5 6 8 10 12 13 14 16 18 20 22 23 25 26 27 29 30 31 32 33 34 35 37 38 40 41 42 45 46 47 48 49 50 51 53 54 55 56 59 60 61 62 63 64 65 68 69 70 71 72 73 74 76 77 78 80 81 82 84 85 86 87 88 89 90 91 92 94 95 96 97 98 99 
84 85 0 1 2 3 4 6 7 8 9 10 11 13 14 15 17 18 19 20 21 22 23 24 26 27 28 29 30 31 34 35 37 38 40 41 42 43 44 45 46 47 48 50 51 52 53 54 55 56 57 58 59 60 61 62 63 64 65 66 67 68 69 72 74 75 76 77 79 80 81 82 83 85 86 87 88 89 90 91 92 93 94 95 96 98 99 
85 77 0 1 2 4 6 8 9 10 12 13 15 17 18 20 21 22 23 24 25 27 30 32 34 35 36 37 39 40 41 42 43 44 45 46 48 50 51 52 55 56 58 59 61 62 63 64 65 66 67 68 69 70 71 72 73 75 76 77 78 79 80 82 83 84 86 87 88 89 90 91 92 93 94 95 96 97 98 
86 73 0 1 4 5 6 7 8 10 11 12 14 15 16 17 18 20 21 22 24 25 26 27 28 30 32 33 35 39 40 41 42 43 44 45 50 51 52 53 54 55 57 58 59 60 61 62 63 64 66 67 68 69 73 74 75 76 77 78 80 81 82 83 84 85 87 88 91 92 93 94 96 98 99 
87 83 0 1 3 4 5 6 7 8 9 10 11 13 15 16 17 18 19 20 21 22 23 24 25 26 27 28 29 31 32 34 35 36 37 38 39 40 41 42 43 44 45 46 47 48 49 50 52 53 54 57 58 59 60 61 62 63 65 66 68 69 70 72 75 76 77 78 79 80 81 82 83 84 85 86 88 89 91 92 93 94 95 97 99 
88 83 0 1 2 3 4 5 6 7 8 9 10 11 12 13 15 17 18 21 22 23 24 25 26 27 28 29 30 31 34 35 37 38 39 40 41 43 44 45 46 48 49 50 51 52 53 54 55 56 57 58 59 60 61 62 64 65 66 67 68 69 70 71 73 74 75 76 78 81 82 84 85 86 87 89 90 91 93 94 95 96 97 98 99 
89 73 0 1 2 4 5 6 7 8 9 10 11 12 14 15 16 17 18 20 22 23 25 26 28 30 31 32 33 39 40 41 42 43 45 46 48 50 51 52 54 55 56 57 60 61 62 64 65 66 67 68 69 71 72 74 75 76 77 78 79 80 81 82 84 85 86 87 90 91 92 96 97 98 99 
90 85 1 2 3 4 5 6 7 8 9 10 11 12 13 15 17 18 19 20 22 23 24 27 28 29 30 31 32 33 34 35 36 37 38 39 40 41 42 43 44 45 47 48 50 52 53 55 56 57 58 59 60 61 62 63 64 65 66 67 68 70 71 72 73 74 75 76 77 78 81 82 83 84 85 86 87 88 89 91 92 94 95 96 97 98 99 
91 68 0 1 4 8 9 10 12 15 17 19 20 23 25 26 30 31 32 33 34 37 38 39 41 43 44 46 47 48 49 51 52 53 54 56 57 58 59 60 61 63 64 65 66 67 68 69 70 71 72 73 74 75 76 77 80 83 84 85 86 87 88 89 93 94 95 96 97 99 
92 79 0 1 2 3 5 6 7 8 9 10 11 12 13 14 16 17 18 19 20 22 23 24 25 26 27 28 29 30 31 32 33 34 35 37 39 40 41 42 43 44 45 47 49 50 52 53 54 56 58 60 61 62 63 64 65 67 68 70 73 74 75 76 77 79 80 81 82 83 84 85 86 88 89 91 95 96 97 98 99 
93 69 0 1 2 5 6 7 9 10 11 12 14 15 16 17 18 19 23 24 25 26 27 28 30 31 32 33 34 35 36 37 38 41 42 43 44 45 46 47 50 51 54 56 57 59 61 64 65 66 68 69 70 72 74 75 76 77 78 79 80 82 83 84 86 87 88 89 92 95 96 
94 79 0 1 2 3 5 6 8 9 10 13 14 15 16 17 18 19 20 21 22 23 24 25 26 27 29 30 31 32 33 34 35 36 39 40 41 43 46 47 48 49 50 52 53 54 56 57 58 59 60 61 62 64 66 68 70 71 72 73 74 75 76 77 78 80 81 82 83 85 86 87 88 89 90 91 93 95 96 97 99 
95 80 0 1 2 5 6 7 9 10 12 13 14 15 16 17 18 19 20 22 23 24 25 26 27 28 29 31 33 34 37 38 39 40 41 43 44 45 47 48 51 55 56 57 59 61 62 63 64 65 66 67 68 69 70 71 72 73 74 75 76 77 78 79 81 82 83 84 85 86 87 88 89 90 91 92 93 94 96 97 98 99 
96 80 0 1 2 3 4 5 6 7 8 9 10 12 13 14 15 16 18 19 20 21 25 26 27 29 30 31 32 34 35 36 38 39 41 42 43 46 47 49 50 52 53 55 56 57 59 60 61 62 63 64 65 66 67 68 71 72 73 74 75 76 77 79 80 81 82 83 84 86 87 88 89 90 91 92 93 94 95 97 98 99 
97 80 1 3 4 5 6 7 8 9 10 11 12 13 14 15 16 17 18 19 21 22 23 24 25 26 27 28 30 31 32 35 36 37 38 39 40 41 43 44 45 47 48 50 51 52 53 54 56 57 59 60 61 62 63 64 65 67 68 69 70 73 75 77 79 80 81 82 83 84 85 86 88 89 90 91 92 93 94 95 96 99 
98 82 0 1 2 3 4 5 6 7 8 10 11 12 13 14 15 16 17 18 19 20 21 23 24 25 26 27 29 31 32 33 34 36 37 38 39 40 41 42 43 45 46 47 50 51 52 53 55 56 57 58 59 60 61 62 63 64 65 66 67 68 69 70 71 72 73 74 77 78 79 81 82 86 87 88 90 91 93 94 95 96 97 99 
99 75 0 2 3 4 5 8 9 10 11 12 15 16 18 19 21 23 26 27 28 29 30 31 32 34 35 37 38 39 40 41 42 43 44 45 46 47 48 49 50 51 52 53 55 56 57 58 59 60 62 63 65 66 67 68 73 74 75 77 79 80 82 83 84 85 86 87 89 90 92 93 94 95 96 97 98 
