100
0 20 1 8 15 24 30 32 41 48 54 55 58 64 70 72 74 76 80 95 97 98 
1 17 0 8 9 12 21 22 34 52 54 64 66 69 81 82 89 91 99 
2 13 27 34 38 45 48 49 51 58 60 73 82 87 98 
3 20 29 30 32 37 39 43 44 54 58 60 63 67 69 71 80 82 87 94 96 97 
4 22 2 8 17 20 24 34 35 36 45 46 51 54 56 60 66 79 80 81 84 90 92 95 
5 24 9 12 19 22 24 32 36 45 46 48 53 57 60 61 63 65 72 73 81 84 85 91 94 95 
6 21 15 23 26 27 40 42 44 47 48 54 61 69 72 75 77 83 84 87 91 95 97 
7 28 0 2 4 16 22 27 31 32 36 38 41 46 48 50 51 53 58 63 68 70 72 77 79 83 88 92 94 97 
8 24 2 10 22 24 25 26 28 29 32 34 41 56 63 66 69 76 78 79 80 81 89 90 95 97 
9 24 14 16 22 24 29 32 34 35 38 45 49 51 53 61 63 65 68 71 73 75 83 87 91 98 
10 24 6 9 13 22 28 29 30 31 35 37 47 50 51 57 59 66 68 72 73 80 84 85 89 92 
11 15 3 15 18 25 29 43 46 47 52 63 71 80 84 89 94 
12 19 3 15 22 23 32 33 38 39 41 51 53 56 57 59 60 75 86 89 98 
13 17 16 20 25 36 51 53 56 61 69 74 83 85 88 91 96 98 99 
14 15 8 22 24 26 43 44 45 47 56 71 75 84 87 88 96 
15 18 3 4 7 11 14 20 28 34 39 40 46 70 74 77 81 82 84 99 
16 28 4 8 21 25 28 33 36 37 39 46 49 52 55 58 65 66 70 75 76 80 84 85 86 89 90 91 94 99 
17 16 4 8 9 10 19 27 32 34 36 55 61 63 71 77 84 91 
18 18 0 3 10 17 21 28 30 43 48 54 59 61 70 75 77 84 85 86 
19 17 4 11 22 25 27 40 44 54 60 64 65 66 71 83 86 89 95 
20 23 0 6 14 23 30 43 44 46 54 65 66 67 72 73 75 77 79 84 86 92 93 94 98 
21 26 0 2 3 6 10 14 19 20 22 23 25 26 38 41 42 43 48 57 63 69 73 79 80 89 92 95 
22 19 11 15 19 21 36 44 48 52 56 62 63 64 72 73 74 79 83 95 97 
23 28 8 13 14 15 17 31 32 34 41 46 47 49 51 56 60 65 68 72 76 77 78 84 85 86 87 90 91 92 
24 23 1 3 5 17 21 30 32 33 34 38 39 48 52 56 57 63 73 74 77 86 87 96 99 
25 21 1 12 15 17 19 20 22 26 27 28 31 38 47 52 55 59 62 71 73 82 86 
26 20 3 10 11 19 32 33 37 45 46 47 61 62 66 68 70 71 74 88 92 96 
27 20 5 11 13 16 19 25 31 35 37 39 46 54 59 60 61 62 73 84 85 91 
28 22 6 20 23 24 31 40 42 43 47 55 59 60 65 69 71 79 80 82 83 84 92 99 
29 15 5 9 11 17 18 30 40 58 69 74 81 85 89 91 96 
30 22 2 9 12 13 15 32 37 39 40 42 45 46 51 60 61 73 74 77 78 80 83 84 
31 23 1 2 3 4 9 10 11 14 25 32 38 44 47 55 66 68 72 74 76 80 86 96 97 
32 18 11 14 20 23 31 40 41 55 61 66 72 73 80 86 87 94 97 99 
33 18 3 9 13 36 39 40 43 44 56 67 69 71 73 85 95 97 98 99 
34 15 2 4 11 13 17 33 36 47 53 59 69 70 86 89 96 
35 19 0 1 7 8 13 16 19 21 25 42 54 69 70 75 76 84 94 98 99 
36 19 1 6 8 13 19 25 45 57 60 67 72 75 81 85 88 90 91 95 96 
37 16 19 21 23 25 31 36 38 39 40 45 55 64 68 73 75 88 
38 23 7 27 31 34 37 40 44 46 51 60 63 64 66 72 73 74 78 79 80 83 86 89 98 
39 31 0 3 4 6 13 14 19 25 26 33 36 37 38 40 43 46 51 52 56 62 64 65 66 67 69 72 77 80 85 97 99 
40 16 6 10 22 33 36 45 47 53 60 73 76 77 79 80 89 94 
41 19 0 3 8 9 19 33 38 39 44 48 60 66 69 70 71 80 81 90 99 
42 16 16 30 34 39 44 58 61 63 65 73 75 81 82 90 96 97 
43 18 2 3 5 13 19 23 28 29 36 46 59 65 68 73 74 83 86 99 
44 22 1 7 12 14 18 24 27 31 33 40 43 53 56 59 63 75 80 82 83 87 96 98 
45 16 13 24 33 36 43 60 61 63 64 67 69 77 78 80 83 99 
46 15 10 12 14 16 37 40 41 44 50 54 56 59 63 83 94 
47 24 7 21 24 25 31 38 39 54 56 57 58 60 72 73 74 76 78 82 83 84 85 89 92 96 
48 23 7 12 14 15 16 18 23 28 37 41 46 52 55 60 73 79 82 84 85 87 90 93 99 
49 13 0 4 13 16 17 28 39 55 58 62 73 79 93 
50 19 4 5 16 34 35 38 41 44 49 53 55 57 60 61 63 66 83 86 92 
51 13 10 12 16 23 27 32 39 41 47 55 81 88 91 
52 23 1 2 3 5 8 19 21 31 38 40 46 50 55 58 60 63 65 72 74 92 96 98 99 
53 19 5 6 8 13 17 25 27 44 55 57 58 64 72 75 77 79 89 97 99 
54 12 1 8 18 23 26 29 40 43 63 80 84 86 
55 20 22 29 30 35 41 44 48 52 57 61 64 65 68 81 82 84 85 86 88 91 
56 24 2 9 19 20 31 35 37 39 41 42 43 47 53 60 61 62 63 67 70 81 82 84 86 98 
57 23 0 4 8 9 18 26 28 31 36 38 40 43 51 52 54 55 67 70 75 76 80 85 87 
58 29 4 6 8 9 12 15 19 20 21 23 25 26 28 31 36 37 39 40 56 59 71 74 79 80 82 83 84 85 90 
59 18 1 24 30 33 34 35 36 39 42 43 60 61 70 74 85 89 91 96 
60 27 0 2 4 9 17 18 20 21 28 39 41 43 45 46 50 51 57 62 64 66 67 72 76 83 88 92 97 
61 20 14 17 21 26 29 30 34 38 42 46 52 54 63 67 75 80 82 92 96 99 
62 15 12 27 33 42 51 57 67 69 72 73 77 81 83 88 89 
63 18 1 9 14 17 18 26 27 28 31 37 45 57 65 76 84 91 92 97 
64 19 3 7 8 11 26 30 32 37 39 50 52 68 72 74 75 78 86 92 99 
65 18 0 3 7 11 14 16 22 24 25 29 31 39 44 55 76 82 94 98 
66 16 4 6 11 16 29 34 35 46 48 49 54 61 65 82 93 95 
67 19 3 5 13 18 22 23 32 34 38 40 45 54 55 71 74 86 89 90 97 
68 21 0 8 10 16 18 22 30 31 35 43 51 52 57 58 64 65 66 78 87 90 96 
69 14 7 8 11 20 26 40 45 48 64 75 76 85 94 97 
70 19 5 6 10 11 13 21 25 26 32 43 46 47 49 55 63 67 71 89 99 
71 15 6 20 24 28 31 40 41 44 51 57 58 65 67 85 94 
72 21 2 4 11 14 29 30 37 40 52 57 65 68 74 77 85 88 89 91 92 94 97 
73 24 3 8 17 24 30 37 41 47 48 58 62 63 65 74 77 79 81 84 86 90 93 94 96 97 
74 24 2 3 12 19 20 24 31 32 39 40 42 43 47 49 53 55 62 63 67 75 77 85 86 91 
75 21 0 1 8 34 39 41 50 51 53 55 57 59 60 62 64 67 74 80 81 85 86 
76 23 7 10 13 15 20 21 24 25 26 43 44 53 54 55 63 73 78 79 81 82 85 89 99 
77 20 12 22 26 27 28 31 33 40 48 50 62 64 70 73 75 85 90 92 95 97 
78 19 19 21 24 27 30 34 38 47 49 51 53 55 60 70 79 83 94 95 97 
79 19 4 11 12 14 15 18 19 21 30 45 54 59 68 73 78 80 86 88 93 
80 21 2 16 20 22 24 44 48 49 55 63 64 68 70 75 76 84 85 88 89 94 99 
81 14 5 14 28 30 35 41 42 45 46 63 65 69 79 93 
82 20 0 2 3 7 31 35 36 39 42 43 50 51 53 65 71 73 79 80 85 99 
83 20 2 6 15 21 36 37 43 45 49 54 55 56 63 67 73 74 77 80 87 93 
84 21 2 3 5 7 13 19 27 29 35 38 45 70 73 74 76 77 81 82 83 91 98 
85 18 2 4 6 8 10 11 12 17 26 27 29 41 45 55 69 88 93 96 
86 16 8 19 45 48 49 53 58 59 66 67 76 78 85 88 92 95 
87 20 3 6 8 9 22 24 26 31 33 38 46 49 53 56 77 80 88 90 92 95 
88 16 1 22 26 28 29 40 43 44 46 51 55 67 76 79 80 97 
89 16 11 23 26 30 36 37 41 46 51 55 59 61 63 66 80 84 
90 21 1 2 5 7 16 23 31 32 34 36 37 38 46 58 61 65 68 79 81 93 99 
91 13 1 3 13 28 30 35 37 41 43 54 73 78 99 
92 25 3 4 8 13 15 17 20 22 23 29 32 33 44 55 56 57 58 59 62 64 67 80 81 83 84 
93 17 4 5 8 15 18 28 29 47 54 56 60 69 73 75 76 86 92 
94 18 4 7 31 40 47 50 51 54 62 67 78 81 82 84 85 96 97 98 
95 22 4 12 18 19 22 24 29 34 38 42 43 44 46 60 65 67 69 70 72 93 94 96 
96 19 9 12 15 22 24 28 29 32 41 45 54 57 59 66 69 78 90 91 99 
97 23 1 15 16 18 27 29 30 34 41 43 45 46 48 53 55 65 68 73 76 86 87 88 98 
98 23 0 1 8 9 20 26 30 32 33 36 38 46 48 55 57 65 69 73 75 91 96 97 99 
99 20 3 5 11 12 14 15 17 18 20 32 33 34 38 52 55 63 64 83 91 93 
