100
0 82 1 2 3 4 6 7 8 9 10 11 12 13 14 16 17 18 19 20 21 22 23 24 25 26 27 28 29 31 32 33 34 35 37 38 39 42 43 44 45 47 49 50 51 53 54 55 56 57 58 59 60 61 62 65 67 68 69 70 71 72 73 74 75 76 77 78 79 81 82 83 84 87 88 89 90 91 92 93 95 96 97 98 
1 81 0 3 4 5 6 7 9 10 11 12 13 14 15 16 17 18 20 21 22 24 25 26 27 28 29 31 32 33 34 35 36 39 41 42 43 44 45 46 47 50 51 52 53 54 56 57 58 59 60 61 62 63 64 66 67 68 69 70 71 72 73 74 76 77 79 80 81 83 84 85 86 87 89 90 93 94 95 96 97 98 99 
2 77 0 1 3 4 5 6 7 8 10 11 12 13 14 16 17 18 19 22 23 24 25 27 28 29 32 33 34 36 38 39 40 41 43 44 45 46 48 49 50 52 53 54 55 56 57 58 60 61 62 63 64 65 66 71 73 75 76 78 79 80 81 82 83 84 85 86 88 90 91 92 93 94 95 96 97 98 99 
3 76 0 2 4 5 6 7 8 9 10 11 12 13 14 15 16 17 18 19 21 23 24 25 26 27 29 30 31 32 33 34 35 42 44 45 47 49 50 51 52 53 54 56 57 58 59 62 63 66 67 68 69 70 71 72 73 74 75 76 77 78 79 80 82 84 85 86 87 89 90 92 94 95 96 97 98 99 
4 83 0 1 2 3 5 6 7 8 9 10 11 12 13 14 16 18 19 21 22 23 25 26 27 28 30 31 32 33 34 35 36 37 39 40 42 43 44 45 47 48 50 51 52 54 55 56 57 58 59 60 61 62 63 64 65 67 69 70 71 72 73 74 75 77 78 79 80 82 83 84 85 87 88 89 90 91 92 93 94 95 97 98 99 
5 74 0 1 2 3 4 6 7 8 9 10 12 14 16 17 18 20 21 23 24 25 26 27 29 30 31 32 34 35 36 37 39 40 41 44 45 46 47 49 50 53 54 56 58 59 60 61 62 63 64 66 67 69 70 71 72 74 75 76 77 78 80 81 82 84 85 87 88 90 93 94 95 96 98 99 
6 85 0 1 2 3 4 5 7 8 9 10 12 13 14 15 16 17 18 19 20 21 23 24 25 26 27 29 31 32 33 34 35 36 37 38 39 40 41 42 43 44 45 46 47 48 49 51 52 53 54 55 56 57 58 59 60 61 62 63 64 65 66 68 69 71 72 73 74 75 76 77 78 80 81 82 83 84 85 87 88 89 90 93 95 96 97 
7 79 1 2 3 4 5 6 8 9 10 11 12 13 14 18 19 20 21 22 23 24 27 28 31 32 33 34 35 36 37 38 39 40 41 42 43 45 46 48 49 50 51 52 54 55 56 58 59 60 61 62 64 65 66 67 68 69 70 71 73 74 75 76 77 78 79 81 83 84 86 87 88 91 93 94 95 96 97 98 99 
8 83 0 1 2 3 4 6 7 10 11 12 14 15 16 17 18 19 20 21 27 28 29 30 31 32 33 34 35 36 37 38 39 40 43 45 46 47 48 49 50 51 52 53 54 55 56 57 58 59 60 61 62 63 64 65 66 67 68 69 70 71 72 73 74 75 76 77 79 81 82 83 84 85 86 87 88 89 90 91 95 96 97 98 99 
9 81 0 1 2 3 4 5 7 12 14 15 17 18 19 20 21 23 24 25 26 27 29 30 31 32 33 34 35 36 37 40 41 42 45 47 48 49 50 51 52 53 54 55 56 57 58 59 60 61 62 63 64 65 67 68 69 71 72 73 74 75 76 77 78 79 80 81 82 83 84 85 86 87 90 92 93 94 95 96 97 98 99 
10 81 1 2 3 4 5 6 7 8 9 11 12 14 15 16 17 18 19 20 21 23 24 25 26 28 29 30 31 32 33 35 36 38 39 40 41 42 43 44 46 47 48 49 51 52 53 55 56 57 58 59 60 61 62 64 65 66 67 69 70 71 72 74 75 76 77 79 80 82 84 85 86 87 88 91 92 93 94 95 96 97 99 
11 76 0 2 4 5 8 9 10 12 13 14 15 16 17 18 19 20 21 22 23 24 25 26 30 31 32 33 35 39 40 41 42 43 44 45 47 48 49 52 53 54 55 56 58 60 61 63 64 65 66 68 69 70 71 72 73 74 77 78 79 80 81 83 85 87 88 89 90 91 92 93 94 95 96 97 98 99 
12 82 0 1 2 3 4 5 6 8 9 10 13 14 15 19 20 21 22 23 24 26 28 30 31 32 33 34 35 36 37 38 40 41 43 44 45 46 47 48 49 50 51 52 53 54 56 57 58 59 60 61 62 63 65 66 68 69 70 71 73 75 76 77 78 79 80 81 82 83 84 85 86 87 88 89 90 92 93 94 95 96 97 98 
13 83 0 1 2 3 4 6 7 9 10 12 14 15 18 19 20 21 22 23 24 25 26 27 28 29 30 31 32 33 34 35 38 39 40 41 43 44 45 46 47 48 50 51 52 53 54 55 56 57 59 61 62 63 65 66 67 68 69 70 71 72 73 74 75 76 77 78 79 80 82 83 86 87 88 89 90 91 93 94 95 96 97 98 99 
14 81 0 1 2 6 7 8 9 10 11 12 13 17 19 20 21 22 24 25 26 27 28 29 30 31 32 33 35 36 37 38 40 41 42 43 44 45 46 47 48 50 52 53 54 55 56 57 58 59 60 62 63 64 65 66 67 68 69 72 73 74 75 76 78 81 82 83 84 85 86 87 88 89 90 91 92 93 94 95 96 98 99 
15 76 1 2 3 4 5 6 7 11 12 13 18 19 21 22 24 25 26 27 28 29 31 33 34 35 36 37 38 39 40 41 42 43 44 45 46 47 48 49 50 51 53 54 55 56 59 60 62 63 64 65 67 68 70 71 72 73 74 76 77 78 79 80 81 82 84 87 88 89 90 91 93 94 95 97 98 99 
16 78 0 1 2 4 5 6 7 8 9 11 12 13 15 19 21 22 23 24 25 26 28 29 30 31 32 33 34 38 39 40 43 44 46 47 48 49 50 51 52 53 54 55 56 57 58 59 60 61 62 63 64 66 67 68 69 70 72 73 75 76 77 78 81 84 85 86 87 88 89 90 91 92 93 94 95 96 97 99 
17 76 0 1 3 4 5 6 7 8 10 13 14 15 19 20 21 22 25 27 28 29 30 31 32 33 34 35 36 37 39 41 42 43 45 46 47 48 51 52 53 54 55 56 57 58 60 61 62 64 65 66 67 69 70 71 73 75 76 77 78 80 82 83 84 86 87 88 89 90 91 92 93 95 96 97 98 99 
18 82 0 1 3 4 5 6 7 8 9 10 11 12 13 14 15 16 17 19 20 21 22 23 24 25 26 27 28 29 31 32 33 34 35 36 37 38 39 40 41 42 43 45 46 47 48 49 50 51 52 54 55 56 58 60 62 63 64 66 67 68 69 71 72 73 75 80 81 82 83 84 85 86 87 89 90 91 92 93 94 95 96 97 
19 84 0 1 2 3 4 5 6 7 8 9 11 12 13 14 16 18 20 21 23 24 25 26 27 28 30 31 32 33 34 35 37 38 39 40 41 44 45 47 48 49 50 51 52 53 54 55 56 57 58 59 61 62 63 65 66 67 68 70 71 72 73 74 75 76 77 78 79 80 81 82 83 84 85 86 87 88 89 90 92 94 96 97 98 99 
20 77 0 2 3 4 5 6 7 8 10 11 13 14 15 16 18 19 21 22 23 24 25 26 27 28 29 31 32 34 35 37 38 39 40 41 42 43 44 45 46 47 48 51 54 55 56 57 60 61 62 63 64 65 66 67 68 70 71 72 74 77 79 80 81 83 84 85 86 88 89 90 91 92 93 94 97 98 99 
21 71 0 2 3 6 8 9 10 11 12 13 15 16 18 20 22 23 25 26 27 28 31 32 33 36 37 38 40 43 45 46 47 48 49 51 52 53 54 55 56 57 58 59 60 61 63 64 65 66 67 68 70 71 72 73 76 77 78 79 80 84 86 88 89 90 91 94 95 96 97 98 99 
22 83 0 1 2 3 4 5 6 7 9 10 12 13 14 15 16 17 18 19 20 21 23 24 25 26 27 28 29 30 32 33 34 35 36 37 38 40 41 42 43 44 45 46 47 50 51 52 53 55 57 58 60 62 63 64 65 66 67 68 69 70 71 72 74 75 77 78 81 82 83 84 85 86 87 89 90 91 92 93 95 96 97 98 99 
23 77 1 2 3 4 5 6 9 10 11 12 15 16 17 18 19 20 21 22 24 26 27 28 29 30 31 32 33 34 35 36 37 39 41 42 43 44 45 46 47 49 50 51 53 55 56 57 58 60 61 62 63 64 65 68 69 70 72 74 75 76 78 81 82 84 85 86 87 88 89 90 93 94 95 96 97 98 99 
24 86 0 1 2 3 4 5 7 8 9 10 11 12 13 14 15 16 17 19 20 21 22 23 25 26 27 28 29 30 31 32 34 35 36 37 38 40 42 43 44 46 47 48 49 50 51 52 53 54 55 56 57 58 59 60 61 63 64 65 66 67 69 70 71 72 73 77 78 79 80 81 82 83 85 87 88 89 90 91 92 93 94 95 96 97 98 99 
25 77 0 1 2 3 4 7 8 9 10 11 12 15 16 18 19 21 22 23 24 27 29 30 33 34 35 36 37 38 39 40 43 44 45 47 48 49 50 51 52 54 55 56 57 58 60 61 62 65 66 67 68 70 71 73 74 76 77 78 79 80 82 83 84 85 86 87 88 89 90 91 93 94 95 96 97 98 99 
26 76 0 2 3 5 6 7 8 10 12 14 15 16 17 18 21 22 24 25 27 28 30 31 32 33 35 36 37 38 39 40 41 42 44 45 46 47 48 51 53 54 55 56 57 59 60 62 64 65 66 67 68 69 71 72 74 75 76 78 79 81 82 83 84 85 86 87 88 89 90 91 93 94 95 97 98 99 
27 77 0 1 2 4 7 9 10 12 14 15 16 18 19 20 22 23 24 25 26 28 29 30 31 32 33 34 36 37 38 39 40 41 42 43 44 45 46 48 49 53 55 59 60 61 62 63 64 66 67 68 70 71 72 73 74 75 76 78 79 80 81 82 83 84 85 86 87 88 89 90 92 93 94 95 96 98 99 
28 77 0 2 3 4 6 7 8 9 10 11 12 13 14 15 17 18 20 21 23 24 25 26 27 30 31 34 35 38 39 40 42 44 45 47 48 49 50 51 52 53 55 56 57 58 59 60 61 62 64 65 68 69 70 71 72 73 75 76 77 78 79 80 81 82 83 85 87 88 89 90 91 93 94 95 96 97 99 
29 77 0 1 2 3 4 6 7 10 11 12 14 15 17 18 20 22 23 28 30 32 35 36 38 39 41 42 43 45 46 47 48 49 50 51 52 53 55 56 57 58 59 60 61 62 63 64 65 66 67 70 71 72 73 74 75 76 77 79 81 82 83 84 85 86 87 88 89 90 91 92 93 94 95 96 97 98 99 
30 78 0 2 3 4 5 7 8 9 10 12 14 15 16 17 18 22 23 24 25 27 28 29 31 32 33 37 39 40 41 43 45 46 47 48 49 51 52 53 54 55 56 58 60 61 62 64 65 66 67 68 69 70 71 72 73 74 75 76 77 78 79 80 81 83 84 85 86 87 88 90 91 92 94 95 96 97 98 99 
31 83 0 1 2 3 4 6 8 9 10 11 12 13 14 15 16 17 18 19 20 21 22 23 24 25 26 27 28 30 32 33 34 36 37 38 40 41 43 45 46 47 48 49 50 51 55 56 60 61 62 63 64 65 66 67 68 69 70 71 72 73 74 75 76 77 78 79 80 81 82 83 84 85 86 87 88 89 90 94 95 96 97 98 99 
32 79 0 1 2 3 4 5 6 8 9 11 12 13 14 16 17 18 19 20 21 22 23 25 26 27 28 29 31 33 34 35 36 37 38 40 41 42 43 45 46 49 50 51 52 53 55 56 57 58 59 61 63 64 66 68 69 70 72 73 74 75 76 77 78 79 80 81 82 83 84 89 90 92 93 94 95 96 97 98 99 
33 78 0 2 3 4 8 10 12 13 14 15 16 18 19 20 21 22 23 26 27 28 29 30 31 32 34 35 36 37 38 39 40 42 45 46 47 48 49 50 51 52 53 54 55 56 57 61 62 63 64 65 67 68 69 70 71 72 73 74 75 76 77 78 79 80 81 82 83 84 86 87 88 91 92 93 94 97 98 99 
34 80 0 2 4 6 7 8 9 10 11 12 13 14 15 17 18 19 20 21 23 25 26 27 29 30 31 32 33 35 36 37 39 40 41 42 43 44 45 46 49 50 52 53 54 55 56 57 58 59 60 61 64 65 66 68 69 71 72 73 75 76 77 78 79 80 81 82 84 85 87 88 89 90 92 93 94 95 96 97 98 99 
35 82 0 1 2 4 5 6 7 8 9 10 11 12 13 14 16 18 19 20 24 25 27 28 30 31 32 33 34 36 39 40 41 42 45 46 47 48 49 51 52 53 54 55 56 57 58 59 60 61 63 64 65 66 67 68 70 71 73 74 75 76 77 78 79 80 81 82 83 84 85 86 87 88 89 90 91 92 93 94 95 96 98 99 
36 85 0 1 2 3 4 5 6 7 8 9 10 11 12 13 14 15 18 19 20 21 22 23 25 26 27 28 29 30 31 33 34 35 37 38 39 40 41 42 43 44 45 46 47 48 50 51 52 53 55 56 57 58 59 61 63 64 65 66 67 68 69 71 72 75 76 77 78 79 80 81 82 83 85 86 87 88 89 90 92 93 95 96 97 98 99 
37 76 0 2 3 4 6 7 8 9 10 11 12 13 14 15 17 18 21 22 25 26 28 30 31 32 34 35 36 39 40 41 42 43 44 45 47 48 49 50 51 53 54 55 57 58 59 60 61 63 64 65 66 67 68 70 71 72 74 76 77 78 79 80 82 83 84 86 87 88 89 90 91 92 94 95 97 99 
38 82 0 1 2 4 5 6 7 8 9 10 11 12 13 15 16 17 18 19 20 21 22 23 24 25 26 27 28 29 31 33 34 35 36 37 39 40 41 42 44 45 47 48 49 50 51 52 54 55 56 59 60 61 62 63 64 65 66 68 69 70 72 73 75 77 78 80 81 82 83 84 85 86 88 89 90 91 92 93 94 96 97 98 
39 82 0 1 2 3 4 7 8 9 10 11 12 15 16 17 18 19 21 22 24 26 28 29 30 32 33 34 35 36 37 40 41 42 43 44 45 46 47 49 50 51 52 53 54 55 56 58 59 60 61 63 65 66 67 69 70 71 72 73 74 75 76 77 78 79 81 82 83 84 85 86 87 88 89 90 91 92 94 95 96 97 98 99 
40 74 1 2 3 4 5 8 10 11 13 14 16 18 19 23 24 25 26 27 28 29 30 31 32 34 35 37 39 42 44 45 46 47 48 49 50 51 52 54 55 56 57 58 59 60 62 63 64 65 68 69 70 71 72 74 75 76 77 78 79 80 81 82 83 84 85 86 87 91 94 95 96 97 98 99 
41 77 0 1 2 3 4 5 6 7 8 11 12 13 14 16 17 19 21 22 23 24 25 26 27 28 29 30 31 32 33 34 36 37 38 39 40 42 44 46 49 50 51 52 53 54 55 57 60 61 62 63 64 65 66 67 68 70 71 72 73 75 76 78 80 82 83 84 85 87 88 90 91 92 93 94 96 98 99 
42 78 0 1 2 3 4 5 6 7 8 9 10 11 12 13 15 16 18 19 20 21 22 24 26 27 28 29 30 33 34 35 36 37 38 39 40 41 43 44 45 46 47 48 49 50 52 53 54 55 56 57 58 60 61 62 63 64 66 67 69 70 72 73 74 75 76 77 79 80 81 83 86 88 89 93 96 97 98 99 
43 79 0 3 4 5 6 7 8 9 10 11 12 13 15 16 17 18 20 21 22 23 24 27 28 29 30 31 32 33 34 35 36 37 38 39 40 42 45 46 48 49 50 51 52 54 55 56 58 59 60 62 63 64 66 67 68 69 70 71 73 75 78 79 81 82 83 84 85 86 87 88 89 91 92 93 94 96 97 98 99 
44 84 0 2 3 4 6 7 8 9 10 11 12 13 14 15 17 18 20 21 22 23 24 25 26 27 28 29 30 31 32 33 34 35 36 37 38 39 40 41 42 43 45 46 48 49 50 51 52 55 56 57 58 59 61 63 64 65 66 67 68 70 71 72 73 75 76 80 81 82 83 84 85 86 87 88 89 90 91 92 93 94 95 97 98 99 
45 86 0 1 2 3 4 5 7 8 9 10 11 13 14 15 16 18 19 20 21 22 23 24 25 26 27 28 29 30 31 32 33 34 35 39 40 41 42 43 46 47 48 49 50 51 52 53 54 55 56 57 58 59 60 62 64 65 66 67 68 69 70 71 72 73 74 75 77 78 79 80 81 82 83 84 85 87 88 89 90 91 93 94 95 96 97 98 
46 78 0 1 2 3 5 6 7 8 9 11 12 13 16 17 18 19 20 21 22 23 24 26 27 28 29 30 31 32 33 34 35 36 37 38 39 40 42 43 44 45 48 49 50 51 53 56 57 58 60 61 63 64 65 67 68 69 70 72 73 74 76 78 79 80 81 82 84 86 87 88 91 92 93 94 95 96 98 99 
47 83 2 6 7 8 9 10 11 12 15 16 17 18 20 21 22 23 24 25 27 28 29 30 31 32 33 34 35 36 37 38 39 40 41 42 46 48 49 50 51 53 54 55 56 58 59 60 61 62 63 64 65 66 67 68 69 70 71 72 73 74 75 76 77 78 79 80 81 82 83 84 85 87 88 89 91 92 93 94 95 96 97 98 99 
48 75 0 3 5 8 10 11 12 13 14 16 17 18 19 21 22 23 24 25 26 27 31 32 33 34 35 36 37 38 39 40 41 43 45 46 49 50 51 52 54 55 56 57 58 59 62 63 64 66 67 69 70 72 73 74 75 77 78 79 80 81 82 83 84 86 87 89 90 91 92 93 94 95 96 97 98 
49 81 0 2 3 4 5 6 7 8 9 10 12 14 15 16 17 18 19 21 23 24 25 26 27 28 29 31 32 33 34 35 36 37 39 40 41 42 43 44 45 46 48 50 51 52 53 54 56 57 59 60 61 63 64 65 66 67 69 70 72 73 74 75 76 77 78 80 81 82 84 85 86 87 88 90 92 93 95 96 97 98 99 
50 75 0 1 2 3 4 5 7 8 9 10 13 16 17 19 23 24 25 27 28 29 30 31 32 33 34 35 36 37 38 39 40 41 42 43 44 45 46 47 51 52 54 55 56 57 58 59 60 62 63 64 65 66 67 70 72 77 78 79 80 81 82 83 84 85 87 89 90 91 92 93 94 96 97 98 99 
51 80 0 1 2 3 4 5 6 7 9 10 11 12 14 15 16 17 18 19 20 21 22 23 24 25 26 27 28 29 30 31 32 33 34 37 38 39 40 42 43 44 45 48 49 52 53 54 55 56 57 59 60 62 64 65 66 67 68 69 70 71 73 74 77 78 79 80 81 82 83 86 89 90 91 92 93 94 95 96 97 98 
52 80 0 2 3 4 5 6 7 9 10 13 14 16 17 18 19 20 21 22 23 24 25 26 27 28 29 30 31 33 34 35 36 38 40 41 42 43 44 45 46 47 48 50 53 54 56 57 58 60 62 64 65 66 67 68 69 70 72 73 74 75 76 77 78 79 80 81 83 86 87 88 89 90 91 93 94 95 96 97 98 99 
53 79 0 2 3 5 7 9 10 11 12 14 17 18 19 21 22 23 25 26 27 28 29 30 31 33 34 36 37 38 39 40 41 42 43 44 45 46 47 48 49 50 51 54 55 56 58 59 60 61 62 63 66 68 69 70 72 73 74 75 76 77 79 80 81 82 83 84 85 86 87 88 89 90 91 92 95 96 97 98 99 
54 74 0 1 5 7 8 9 12 13 14 15 16 17 18 19 20 21 22 23 24 26 27 28 29 30 31 32 35 36 37 38 39 41 42 44 45 47 48 50 51 52 53 56 57 59 60 62 63 64 65 66 69 70 72 73 74 75 76 77 78 79 80 81 87 88 89 90 91 92 93 94 95 97 98 99 
55 73 1 2 3 4 5 8 9 10 11 12 13 14 15 16 18 19 20 22 25 27 28 30 31 32 33 34 36 37 38 39 40 44 45 46 47 48 50 52 53 54 56 57 58 62 63 64 65 66 67 68 69 70 71 73 74 75 76 82 83 84 85 87 88 89 90 91 92 94 95 96 97 98 99 
56 77 0 1 2 3 4 5 6 8 11 13 14 15 16 17 18 19 20 21 22 23 25 27 29 31 32 33 34 36 38 39 40 41 42 44 45 46 47 48 49 51 52 53 55 57 58 59 60 61 62 63 65 66 68 71 72 75 76 77 78 79 80 82 83 84 85 86 87 88 89 90 92 93 95 96 97 98 99 
57 72 0 2 5 6 7 8 9 10 11 12 13 15 16 17 19 20 21 24 25 26 27 30 31 32 33 34 35 39 40 41 42 43 44 45 46 48 50 51 53 54 55 58 59 61 63 64 66 67 68 69 70 72 73 76 78 79 81 82 83 84 85 86 87 89 90 91 92 93 94 95 97 99 
58 81 0 3 4 5 6 7 8 9 10 11 13 14 16 17 18 19 20 21 22 23 27 28 29 30 31 32 34 35 36 38 39 40 41 42 43 44 45 48 49 50 51 52 53 55 56 57 59 60 61 62 63 64 65 66 67 69 70 71 72 73 74 75 77 79 80 81 82 84 85 86 87 88 89 90 91 92 93 94 95 96 97 
59 80 0 2 3 4 5 6 7 9 10 11 12 14 16 17 18 19 20 22 23 26 27 28 29 30 31 32 33 34 35 36 38 39 40 41 42 43 44 45 46 47 48 49 50 51 52 53 54 56 62 63 64 65 66 68 69 70 71 72 74 75 76 77 78 79 80 81 82 85 87 88 89 90 91 93 94 95 96 97 98 99 
60 71 0 1 2 4 6 7 8 9 10 11 13 15 16 17 19 20 21 22 24 26 28 29 30 31 32 35 36 39 41 43 45 47 48 51 52 53 56 57 58 59 61 62 64 66 68 69 70 71 72 73 75 76 77 78 79 80 81 83 84 85 86 89 91 92 93 94 95 96 97 98 99 
61 80 0 1 2 3 4 5 6 7 8 9 10 11 12 13 14 15 17 19 21 22 23 24 25 26 27 28 29 30 31 32 34 35 36 37 39 41 43 45 47 48 50 51 52 54 55 57 58 59 62 63 64 66 67 68 70 71 72 73 75 76 77 78 79 80 81 82 84 85 86 87 88 89 91 92 93 94 96 97 98 99 
62 83 0 1 2 3 4 5 6 7 8 9 10 11 13 14 15 16 19 20 21 22 23 24 25 27 28 29 31 32 34 36 37 38 39 41 42 43 45 46 47 48 49 50 52 53 54 55 57 58 59 60 61 63 64 65 66 67 68 69 70 71 72 75 76 77 78 79 80 81 82 83 84 85 86 87 88 90 91 92 94 95 96 97 99 
63 83 2 3 4 5 6 7 8 9 10 11 12 13 14 16 17 18 19 20 21 22 24 25 27 28 29 32 33 36 37 38 42 43 44 45 46 47 48 49 50 51 53 54 55 56 57 58 60 61 62 64 65 66 67 68 69 70 71 72 73 74 75 76 77 78 79 80 81 82 83 84 85 86 87 88 89 90 92 94 95 96 97 98 99 
64 77 0 1 2 3 4 5 6 7 8 9 10 11 12 13 14 15 16 17 18 19 20 22 23 24 25 26 27 30 31 32 34 36 37 40 43 44 45 46 48 49 50 51 52 53 55 56 57 58 59 60 61 63 66 67 68 69 74 75 76 77 78 79 80 81 82 86 88 89 90 91 92 94 95 96 97 98 99 
65 77 0 1 2 3 4 5 6 7 8 9 10 11 12 14 15 17 19 22 24 25 27 28 29 31 33 34 35 37 39 40 41 42 43 44 45 47 48 49 50 51 52 54 55 57 58 59 61 62 63 64 66 68 69 70 72 73 74 75 78 79 80 81 83 84 85 86 87 88 89 90 91 92 93 95 96 97 99 
66 87 0 1 2 3 4 5 6 7 8 9 10 12 13 14 15 16 17 18 19 20 21 23 24 26 27 28 29 30 31 32 33 34 35 36 37 38 41 42 43 44 46 47 48 50 52 53 54 56 57 58 59 60 61 63 64 65 67 68 69 70 71 72 73 74 75 76 77 79 80 81 82 83 84 85 86 87 88 89 91 92 93 94 95 96 97 98 99 
67 67 1 2 7 8 9 14 16 18 19 21 22 23 24 25 26 27 28 31 32 33 34 35 36 37 38 39 43 45 46 47 48 50 51 53 54 56 58 59 60 62 63 65 66 68 69 71 72 73 74 75 76 80 81 82 83 84 86 87 89 91 92 93 94 96 97 98 99 
68 74 0 1 2 4 6 7 8 11 12 13 14 15 18 19 22 25 26 29 30 32 33 34 35 36 37 38 39 40 41 43 44 45 46 47 48 49 50 51 53 54 55 57 58 59 60 61 62 63 65 66 67 69 70 71 72 73 75 76 77 79 80 81 82 84 85 86 87 88 92 93 94 96 98 99 
69 79 0 1 4 5 6 7 8 9 10 12 13 14 16 17 18 20 21 23 25 26 27 28 29 30 31 32 33 34 36 37 38 41 42 44 46 47 48 49 51 53 54 55 56 57 58 59 60 62 63 64 65 66 67 68 70 71 72 73 74 75 76 77 78 80 81 82 83 84 85 88 89 90 92 93 94 95 96 97 99 
70 84 0 5 6 7 8 9 10 11 12 13 14 15 16 17 18 19 20 22 23 24 25 26 27 28 29 30 31 32 33 34 36 37 38 39 40 42 43 44 45 46 48 50 52 53 54 55 57 58 59 61 62 63 64 65 67 68 69 72 73 74 75 76 77 78 79 80 81 82 83 84 85 86 87 88 89 91 92 93 94 95 96 97 98 99 
71 84 0 1 2 3 4 5 6 7 9 11 12 13 14 15 18 19 20 21 22 23 24 25 27 29 30 31 32 33 34 35 36 37 38 39 40 41 42 43 45 46 47 48 49 50 51 52 54 56 57 58 59 60 61 62 64 65 66 67 68 69 70 72 73 74 75 78 80 81 82 84 85 86 87 88 89 90 91 92 93 94 95 96 98 99 
72 75 0 1 2 3 4 5 6 9 10 11 14 16 17 18 19 20 23 25 26 27 28 29 30 31 32 33 35 36 40 43 44 45 46 47 48 49 50 51 52 53 57 58 59 60 61 62 63 65 66 67 68 69 70 71 74 75 76 77 79 80 81 82 83 85 87 88 89 91 92 93 94 96 97 98 99 
73 79 0 1 2 3 5 6 7 9 10 13 14 16 17 19 20 21 22 23 24 26 27 28 29 30 31 32 33 34 35 36 37 38 40 41 42 44 45 46 47 48 50 51 52 53 54 55 56 58 60 62 63 64 65 66 68 69 70 72 75 76 77 78 79 80 81 82 83 85 86 87 88 89 90 91 92 94 96 97 99 
74 82 0 2 3 4 5 6 7 10 11 12 13 15 16 17 18 19 20 21 22 23 24 25 26 27 29 30 31 32 34 35 36 37 38 39 40 41 42 43 44 45 47 48 49 50 51 52 53 55 56 57 58 59 60 61 62 63 65 66 68 69 71 72 75 76 77 78 80 81 82 83 85 86 87 88 89 90 91 92 94 95 96 97 
75 78 0 1 2 3 4 5 6 8 9 11 12 13 14 15 17 18 19 20 21 23 26 27 29 30 32 33 34 35 36 40 41 42 43 45 46 47 48 49 50 52 53 54 55 56 57 58 59 60 62 63 64 65 66 67 70 71 72 74 76 77 78 79 81 82 84 85 86 87 88 89 90 91 92 94 95 96 97 98 
76 84 0 1 2 3 5 6 8 10 11 12 13 14 15 16 18 19 20 21 22 23 24 25 26 27 28 29 30 31 32 33 35 36 38 39 40 41 42 44 45 46 47 49 51 52 53 54 56 57 58 60 61 62 63 65 66 67 68 69 70 71 72 73 74 75 77 78 79 80 81 83 84 85 87 88 89 90 91 92 93 94 95 96 97 99 
77 75 0 1 2 3 6 7 8 9 10 11 12 16 18 19 21 22 23 25 26 28 29 30 31 32 33 35 36 38 39 40 41 42 43 44 45 46 47 48 49 51 53 54 55 56 58 59 60 62 64 67 68 69 70 71 72 73 74 75 76 78 79 80 81 83 84 87 88 90 91 93 94 96 97 98 99 
78 82 0 1 2 3 4 5 7 10 11 13 14 15 16 18 20 21 22 23 24 25 26 27 28 29 30 31 32 33 34 35 36 38 39 40 41 44 45 46 47 48 49 50 51 53 54 55 57 58 60 61 62 63 64 65 66 67 69 70 71 72 73 74 75 76 77 79 80 81 83 84 85 86 87 88 89 90 91 92 95 96 97 99 
79 77 1 2 3 4 5 7 8 9 11 12 13 14 15 16 17 18 19 20 21 23 25 26 27 29 31 32 33 34 36 37 42 43 44 45 46 48 49 51 52 53 54 56 57 58 60 61 63 64 65 66 69 70 71 72 73 74 75 76 77 78 80 82 83 84 85 86 87 88 89 90 91 92 93 94 95 96 98 
80 75 0 1 2 3 4 7 8 11 12 13 14 16 18 19 21 22 23 24 25 26 27 28 31 32 33 34 36 37 38 39 40 42 43 47 48 49 50 51 52 54 55 58 59 60 61 62 63 64 65 66 68 71 72 73 74 76 77 78 79 81 82 83 84 85 87 88 89 90 91 92 93 95 96 97 98 
81 76 1 3 4 5 6 7 8 9 10 11 12 13 16 17 18 19 21 22 23 24 25 26 27 29 30 31 32 35 36 37 38 39 40 41 42 43 44 45 46 47 48 49 50 52 53 55 56 57 58 60 61 62 64 65 74 75 76 77 78 79 80 82 83 85 86 87 88 89 90 91 92 93 95 97 98 99 
82 79 0 1 3 4 5 6 7 10 11 12 13 15 16 17 19 21 22 23 24 25 26 28 29 30 31 32 34 35 37 38 40 41 42 43 44 45 46 47 48 49 51 52 54 55 56 57 58 59 60 61 63 64 65 66 68 69 70 71 72 73 74 75 77 78 79 80 84 85 86 87 88 91 92 93 94 95 97 98 99 
83 79 1 3 4 5 6 7 8 9 10 11 12 13 14 15 17 18 19 20 22 23 24 25 26 28 29 30 31 35 36 38 39 40 41 42 43 44 45 47 48 49 50 51 54 55 56 57 58 59 61 62 64 65 66 67 68 69 70 71 72 73 75 76 77 78 79 80 81 82 85 86 89 90 91 92 93 95 96 97 99 
84 82 0 1 2 3 4 5 6 7 8 10 12 13 14 16 17 18 19 20 21 22 24 25 26 27 28 29 30 32 33 34 35 36 37 38 40 41 42 43 44 45 46 47 49 50 53 54 55 56 57 59 60 61 62 63 64 66 67 68 70 71 72 73 74 75 76 77 78 79 80 82 83 85 86 87 88 90 92 94 96 97 98 99 
85 81 0 1 3 5 6 8 9 10 11 12 13 14 15 17 20 21 22 23 24 25 26 27 28 29 31 32 33 34 36 37 39 40 41 42 43 44 45 46 47 48 49 51 52 54 55 56 57 59 60 61 62 63 65 67 69 70 71 72 73 74 75 76 77 78 79 80 81 82 83 84 86 87 89 90 91 93 94 95 97 98 99 
86 81 0 1 2 3 4 5 6 7 9 10 11 12 13 15 17 18 19 20 21 22 23 24 26 28 29 30 31 32 33 34 36 38 39 41 42 43 44 45 46 47 48 49 50 51 52 53 54 55 56 58 59 60 61 62 63 64 66 67 69 70 72 73 74 75 76 77 78 80 82 83 84 85 87 88 89 91 92 93 95 97 99 
87 83 0 2 3 4 5 6 7 8 9 10 11 12 13 14 15 16 18 19 21 22 24 25 26 27 28 29 30 31 32 33 35 36 37 38 39 41 43 44 45 46 47 48 49 50 51 53 54 55 56 57 58 59 60 62 64 65 66 67 68 69 70 71 72 73 74 76 77 78 79 82 83 85 86 88 89 90 91 93 94 95 97 98 99 
88 81 0 1 2 3 5 6 7 8 9 11 12 13 14 15 16 17 18 19 20 21 22 23 24 26 27 28 29 30 31 32 33 34 35 36 37 38 40 41 43 44 45 46 49 50 51 54 55 56 57 59 60 61 62 63 64 65 66 67 69 72 73 74 75 76 77 78 80 81 82 84 85 87 89 90 91 92 93 94 95 98 99 
89 72 0 1 2 3 5 8 10 11 12 14 17 18 20 21 22 23 25 26 27 28 29 30 31 33 34 36 39 40 41 42 43 44 45 46 47 49 51 52 53 54 55 56 57 58 59 60 61 63 64 67 68 69 71 72 73 74 76 79 80 81 82 83 84 85 86 93 94 95 96 97 98 99 
90 77 0 1 2 3 5 6 7 8 9 10 12 13 14 16 17 18 19 20 21 22 23 24 25 26 27 28 29 30 31 34 35 36 37 38 39 40 42 46 48 49 51 52 53 54 55 56 57 59 61 62 63 65 66 67 69 70 72 73 74 75 77 78 79 80 81 84 85 86 88 89 91 92 93 94 95 96 99 
91 78 0 2 3 4 5 7 8 9 10 11 12 15 16 19 20 21 22 23 24 25 26 27 28 29 30 34 35 36 37 38 39 40 42 44 46 47 48 49 50 52 53 54 55 56 58 59 60 61 62 63 64 65 67 68 69 70 71 72 73 74 75 78 79 80 81 82 83 85 86 87 88 90 92 93 94 96 98 99 
92 85 0 1 2 3 4 5 6 7 8 9 10 11 12 13 14 16 17 18 19 21 22 24 26 27 28 29 30 31 32 33 34 35 37 38 39 40 41 42 43 44 46 47 48 49 51 52 53 54 56 57 58 59 60 61 62 63 64 65 66 68 70 71 72 73 74 75 76 78 79 80 82 83 84 85 88 89 90 91 93 94 95 96 97 98 99 
93 79 1 3 5 6 7 8 9 10 11 12 13 14 16 17 18 19 20 21 25 27 28 29 30 31 32 34 35 36 37 38 39 40 42 43 44 45 46 47 48 49 50 51 54 56 58 59 60 61 62 63 65 67 68 70 71 72 73 74 75 76 78 79 80 81 83 84 85 86 87 88 89 90 91 92 94 96 97 98 99 
94 86 0 1 2 3 4 5 6 7 8 10 11 12 14 15 16 17 18 20 21 22 23 24 25 26 28 31 32 33 34 35 36 38 40 41 42 43 44 45 46 47 48 49 50 51 52 53 54 55 56 57 58 59 61 62 63 64 65 66 68 69 70 71 72 73 74 75 76 77 78 79 80 81 82 83 84 86 87 88 89 90 92 93 95 96 97 99 
95 86 1 2 3 4 5 6 7 8 9 10 11 12 13 14 15 16 17 18 19 20 21 22 23 24 25 26 27 28 29 30 31 32 33 35 36 38 40 41 42 43 44 45 47 48 49 50 51 52 54 55 56 58 60 61 62 64 65 66 67 68 69 70 71 72 73 74 75 76 77 78 79 80 81 83 85 86 87 88 89 91 92 93 94 97 98 99 
96 84 0 1 4 6 7 8 9 10 11 13 14 15 16 17 18 19 20 21 22 23 24 25 26 27 28 30 31 32 33 35 36 38 39 40 41 43 44 45 46 47 48 49 50 51 52 53 55 56 57 58 59 60 62 63 64 65 66 69 70 71 72 73 74 75 76 77 78 79 80 81 82 83 84 87 88 90 91 92 93 94 95 97 98 99 
97 71 0 2 3 4 5 6 7 10 11 12 13 16 17 18 19 21 25 26 29 30 31 32 33 35 36 37 38 40 41 42 43 45 46 47 48 49 50 51 52 53 54 55 56 57 58 60 61 62 64 65 67 68 69 71 72 73 75 76 77 78 79 83 85 86 87 88 89 92 95 96 99 
98 81 0 3 4 5 6 7 8 9 12 13 14 15 16 17 18 19 20 21 22 23 25 26 27 28 29 30 31 32 35 38 39 40 41 42 44 45 46 48 49 50 51 52 53 54 55 56 57 58 59 61 62 63 64 65 66 68 69 70 71 73 75 76 77 79 81 82 83 84 85 86 87 88 90 91 92 93 94 95 96 97 99 
99 76 0 1 2 3 4 5 7 8 11 12 13 16 17 18 19 22 24 25 26 27 29 30 31 32 33 34 35 36 38 39 40 41 42 43 44 45 46 47 48 49 50 51 52 53 54 55 56 57 60 61 62 63 64 65 66 67 68 70 72 73 75 76 77 78 80 81 82 84 85 86 90 91 93 94 96 98 
