100
0 72 1 3 4 5 6 7 8 9 11 12 16 20 21 22 23 25 27 28 29 30 31 32 33 34 35 36 37 38 39 41 42 44 46 49 51 53 54 55 56 58 59 60 61 62 63 64 65 67 68 69 70 71 73 74 75 76 78 79 80 81 82 83 86 87 88 89 91 92 94 95 97 99 
1 71 0 2 3 5 8 9 10 11 12 13 14 17 18 19 20 21 23 24 25 26 27 28 29 30 32 35 37 39 40 41 42 45 46 47 48 49 50 51 52 53 55 56 59 60 61 62 63 64 66 68 70 71 72 74 79 80 81 82 83 84 85 86 87 88 90 92 94 95 97 98 99 
2 80 0 1 3 4 6 7 8 9 10 11 12 13 14 15 16 17 18 20 21 23 24 27 29 31 32 33 34 36 37 38 40 43 44 46 47 48 49 50 51 52 53 54 55 56 57 58 59 60 61 62 63 64 65 67 68 69 70 71 72 75 76 77 78 79 80 81 83 84 85 86 88 89 90 91 92 94 95 96 97 99 
3 76 2 4 5 6 7 10 11 12 13 14 15 16 17 18 19 21 22 23 24 26 29 30 32 33 35 36 37 38 40 41 43 46 48 49 50 51 52 53 54 56 57 58 59 60 61 62 63 64 66 67 68 69 70 72 73 74 75 76 77 78 79 81 83 84 87 88 89 90 91 92 93 94 95 96 98 99 
4 83 1 2 5 6 7 8 9 10 11 12 13 14 16 17 18 19 21 22 23 24 25 26 27 28 29 30 31 32 34 35 36 37 38 39 40 42 43 44 45 47 48 49 50 51 52 53 54 55 56 57 58 59 60 61 62 63 64 65 66 67 68 69 70 71 73 74 75 77 78 79 80 81 83 84 86 87 89 90 91 92 93 96 97 
5 83 1 2 3 4 6 7 8 9 11 13 14 15 17 18 19 21 22 23 24 25 28 29 30 31 32 33 34 35 37 38 39 41 42 43 44 45 46 47 48 49 50 51 52 53 55 56 57 58 59 60 61 62 63 64 65 66 67 68 69 70 71 72 73 74 75 76 77 79 80 81 84 85 86 87 88 90 91 92 93 95 96 98 99 
6 80 0 1 2 3 4 5 7 8 9 10 11 12 13 16 17 18 19 20 21 22 23 25 26 27 28 29 30 31 32 34 35 36 37 38 41 43 44 45 46 47 50 53 54 57 58 59 60 61 62 63 64 65 66 67 68 69 70 71 72 74 76 77 78 79 81 83 84 86 87 88 89 90 91 92 93 94 95 97 98 99 
7 83 0 1 2 3 4 5 6 8 9 10 11 12 13 14 15 17 18 20 21 22 23 24 25 26 27 28 30 31 32 33 34 35 36 37 38 41 42 43 44 45 46 47 48 49 50 51 52 53 55 56 57 58 59 60 61 62 63 64 66 68 70 71 72 73 75 76 77 80 81 83 85 86 87 88 89 91 93 94 95 96 97 98 99 
8 86 0 1 2 3 4 6 7 9 10 11 13 14 15 16 17 18 19 20 21 22 23 24 25 26 27 28 29 30 31 32 34 35 37 38 39 40 42 43 44 45 46 47 48 49 50 51 52 54 56 57 59 60 61 63 64 65 67 68 69 70 71 72 73 74 75 76 77 78 80 81 82 83 84 86 87 88 89 90 91 92 93 94 96 97 98 99 
9 87 0 1 2 3 4 5 6 7 8 10 11 12 14 15 17 18 19 20 21 22 23 24 25 26 27 30 31 32 33 34 35 36 37 38 39 40 41 42 43 44 45 46 47 48 49 51 52 53 55 56 57 58 59 60 61 63 64 65 66 67 68 69 70 71 73 74 75 76 78 79 80 81 82 83 84 85 86 88 89 90 91 92 95 96 97 98 99 
10 76 0 1 3 5 6 7 8 9 11 13 15 17 18 19 20 21 22 23 24 25 26 27 29 31 32 33 35 36 38 40 41 42 43 44 45 47 48 49 51 53 54 55 56 57 60 61 62 63 64 65 66 67 68 70 71 72 74 76 77 78 80 81 82 83 84 85 86 87 88 89 90 91 92 93 95 99 
11 85 0 1 2 3 4 6 7 8 9 10 12 13 14 15 16 17 18 19 21 22 23 24 25 26 28 30 31 32 33 34 35 36 37 38 39 40 42 44 46 47 49 51 53 54 55 56 57 58 59 60 61 62 64 65 66 67 68 69 70 71 72 73 74 75 76 77 78 79 80 81 82 83 85 86 87 88 89 91 92 93 94 95 96 97 98 
12 81 0 1 2 3 4 5 6 8 10 13 14 16 17 18 19 20 22 23 24 26 27 28 29 30 33 34 35 36 37 41 43 44 45 46 47 48 49 51 52 53 54 55 57 58 59 61 62 63 64 65 67 68 69 70 71 72 73 74 75 76 77 78 79 80 81 82 83 84 85 86 88 89 90 91 92 93 95 96 97 98 99 
13 76 0 1 3 5 7 8 10 11 14 16 18 19 20 21 22 23 24 25 26 27 28 29 30 31 34 36 37 39 41 42 44 45 46 48 49 50 52 53 54 55 56 57 58 59 60 61 62 64 66 67 68 71 72 73 74 75 76 78 79 80 81 83 84 85 86 87 88 89 90 91 92 93 94 95 97 99 
14 80 0 1 2 3 5 6 8 10 11 12 13 15 16 18 19 20 21 23 24 25 28 29 30 31 33 34 35 36 37 39 40 41 42 43 44 45 46 47 48 49 50 51 53 55 56 57 58 62 63 64 66 67 68 69 70 71 72 74 75 78 79 80 81 82 83 84 85 86 87 88 89 90 91 92 93 94 95 96 98 99 
15 81 0 1 3 6 8 9 10 11 12 13 14 16 17 18 19 20 21 22 24 26 27 29 30 31 32 33 35 37 38 39 40 41 42 43 44 46 47 48 49 50 51 52 54 55 56 57 58 59 61 62 65 66 68 69 70 71 72 74 75 77 78 79 80 81 82 83 84 85 86 87 89 90 91 92 93 94 95 96 97 98 99 
16 77 0 2 3 4 6 7 8 9 10 11 12 13 14 15 18 19 20 21 22 23 24 25 26 27 29 30 32 33 34 35 36 37 38 39 40 41 43 44 45 46 47 50 51 52 53 55 58 59 60 61 62 63 64 67 69 70 72 74 75 76 78 79 80 81 82 83 84 86 87 88 89 91 92 93 95 96 97 
17 82 0 1 2 4 5 6 7 8 9 10 11 12 13 14 15 16 19 20 21 22 23 24 26 27 28 29 30 31 33 34 35 36 37 39 40 42 44 45 46 48 49 50 53 54 55 56 57 58 60 61 62 63 66 67 68 69 70 71 72 73 74 76 78 79 80 81 82 84 85 86 87 88 90 91 92 93 94 95 96 97 98 99 
18 81 0 1 2 4 5 6 7 8 9 13 14 15 19 20 21 22 23 24 25 26 27 28 29 30 31 32 33 34 35 36 37 38 39 41 42 43 44 45 46 47 49 50 51 52 54 55 56 57 58 59 60 61 62 64 65 67 68 69 70 71 72 73 74 75 77 78 80 81 82 84 86 87 88 90 91 93 94 95 97 98 99 
19 77 0 1 2 4 7 8 10 12 13 14 15 16 17 18 20 21 22 23 24 25 26 27 28 29 32 34 35 36 37 39 42 43 44 45 46 47 48 49 50 51 52 53 55 56 58 59 60 61 62 63 64 66 67 68 69 70 72 73 75 77 78 79 80 81 82 84 85 86 89 90 93 94 95 96 97 98 99 
20 79 0 2 3 4 5 7 8 9 10 11 12 15 17 18 19 21 22 23 25 27 28 30 31 32 33 34 35 36 37 38 39 40 41 42 43 45 46 47 48 49 50 51 52 54 55 56 57 58 59 61 62 63 65 66 67 68 69 70 71 73 74 76 79 80 81 82 83 84 85 86 87 89 90 91 92 94 95 96 98 
21 83 1 2 4 5 6 7 8 9 10 12 13 14 15 16 18 19 20 22 23 24 25 26 27 28 29 32 34 35 36 37 38 39 40 41 42 44 45 48 49 50 51 52 54 55 57 58 60 61 62 63 64 65 66 67 68 69 70 71 72 74 76 77 78 79 80 81 82 83 84 85 87 88 89 90 91 92 93 94 95 96 97 98 99 
22 78 1 2 3 4 6 7 8 9 11 12 13 14 15 16 17 18 19 21 24 25 26 29 30 32 33 34 35 36 37 38 39 41 42 43 44 45 46 47 48 49 51 52 53 54 55 56 57 58 61 62 64 65 66 67 69 71 73 74 75 76 77 78 80 82 83 84 86 87 88 89 90 91 92 95 96 97 98 99 
23 76 1 2 3 5 6 7 9 10 11 12 13 14 15 17 18 19 20 24 25 27 30 31 32 33 34 35 36 37 38 40 42 43 44 45 46 47 48 51 52 53 54 55 56 59 60 61 63 64 65 66 67 68 69 71 72 74 75 76 77 78 79 80 81 82 83 84 86 88 89 90 91 92 94 95 96 99 
24 83 0 2 3 4 5 6 7 8 9 10 11 13 15 16 17 18 19 20 21 22 23 25 26 27 28 29 30 31 33 34 35 36 38 39 40 41 43 45 46 47 49 51 52 53 54 55 56 57 58 59 60 61 62 64 65 66 67 68 71 72 73 74 75 76 77 78 79 80 81 82 83 85 86 87 88 90 91 92 93 96 97 98 99 
25 80 1 3 4 6 7 9 10 11 12 13 14 15 16 18 19 20 21 23 24 27 28 29 30 31 33 34 35 40 41 42 43 44 45 46 47 50 51 52 53 54 55 56 57 58 59 60 61 62 63 64 65 66 67 68 70 71 72 73 74 75 76 77 78 79 82 84 85 86 87 88 89 90 91 92 93 94 95 96 97 98 
26 82 0 1 2 3 5 6 7 8 10 11 12 15 16 17 18 19 20 21 22 23 24 25 27 29 30 31 32 33 34 35 36 37 38 39 40 41 42 43 44 45 46 48 50 52 53 54 55 57 58 60 61 62 63 64 65 66 67 68 69 71 72 73 76 77 78 79 80 81 83 84 85 86 87 88 89 90 92 93 96 97 98 99 
27 82 0 1 2 3 4 5 6 7 8 9 10 13 14 15 17 19 20 21 22 23 24 25 28 29 31 32 33 34 35 38 39 41 42 43 45 46 49 51 52 53 54 55 56 57 58 59 60 61 62 64 65 66 69 70 71 72 73 74 75 76 77 78 79 80 81 82 83 84 85 86 87 88 89 90 91 92 93 94 95 97 98 99 
28 82 0 1 2 3 4 5 6 7 8 10 11 12 13 14 15 17 18 19 20 21 22 23 25 26 27 29 30 33 34 35 36 37 38 39 40 42 43 44 45 46 47 48 51 52 53 54 55 56 57 59 60 61 62 63 64 65 66 67 68 69 71 72 73 74 75 76 77 78 81 82 83 84 85 86 87 89 92 93 94 95 96 99 
29 77 0 1 5 6 7 8 9 10 12 13 14 15 16 17 19 20 21 22 24 25 26 27 28 30 31 32 34 35 36 37 38 40 41 42 43 44 47 48 50 51 52 53 54 56 57 58 59 63 64 65 66 67 68 69 70 71 72 73 74 76 77 78 79 81 82 83 84 85 87 88 90 91 95 96 97 98 99 
30 82 1 2 3 4 5 7 8 9 10 11 12 13 14 15 16 17 18 19 20 21 22 24 25 26 27 31 32 33 35 36 37 38 39 40 41 42 43 44 45 46 47 48 50 51 52 53 54 55 56 57 58 59 60 61 63 64 65 67 68 70 71 73 75 76 77 78 79 81 82 83 84 85 86 87 88 90 91 93 94 97 98 99 
31 83 0 1 2 4 6 7 8 9 10 11 12 13 14 15 16 17 18 19 20 21 22 23 24 25 26 27 28 29 30 32 34 36 38 39 40 41 42 43 45 46 48 50 52 53 54 55 56 58 59 61 62 63 64 65 66 67 68 69 70 71 74 76 77 78 79 80 81 83 84 85 86 87 88 89 90 91 93 94 95 96 97 98 99 
32 78 0 1 3 4 5 6 8 9 10 11 12 14 16 17 19 20 21 22 23 24 25 27 28 29 30 33 35 37 38 40 43 44 45 46 48 49 50 52 53 54 55 56 57 58 59 60 61 62 63 64 65 67 68 69 70 71 72 73 76 77 78 79 81 82 83 84 85 86 88 89 90 91 92 93 94 95 96 98 
33 74 1 2 3 5 6 7 8 9 10 11 13 14 15 16 18 19 20 21 22 23 24 25 26 27 29 32 34 35 36 37 38 39 42 43 44 45 47 48 50 54 55 56 57 58 59 61 62 64 65 66 67 69 70 71 72 73 74 75 77 80 81 82 83 84 85 87 89 90 91 92 93 94 95 97 
34 82 1 2 3 4 5 6 7 9 11 12 14 15 17 18 20 21 22 23 24 25 27 29 30 31 32 33 36 37 38 39 40 42 43 44 45 46 47 48 51 52 53 54 55 56 57 58 59 60 61 62 63 64 65 66 68 69 70 72 73 74 75 76 78 79 80 81 82 83 84 85 86 87 88 89 90 91 92 93 94 95 97 99 
35 84 0 1 2 4 5 6 7 8 9 10 11 12 13 14 15 16 17 18 19 20 22 23 24 25 26 27 28 29 31 32 33 34 36 37 38 39 40 41 43 46 47 48 49 50 51 52 54 55 56 58 59 60 61 62 63 64 66 67 68 69 70 71 72 73 74 75 76 77 79 80 81 82 83 85 86 87 88 90 91 92 93 96 98 99 
36 76 0 1 2 3 4 5 6 8 10 13 14 15 17 19 20 21 22 23 24 25 27 29 30 32 34 37 38 39 40 41 42 44 45 46 47 48 49 50 51 52 53 55 57 58 59 60 62 63 65 66 67 68 69 70 71 73 74 75 76 77 79 81 82 83 84 86 87 89 91 92 93 94 95 96 97 98 
37 84 0 1 2 3 4 5 6 7 9 10 11 12 13 14 15 16 17 20 22 23 24 25 26 27 28 29 30 31 33 34 35 36 38 39 40 41 43 44 45 46 48 49 51 52 53 54 55 56 58 62 63 64 66 67 68 69 70 71 72 73 74 75 76 77 78 79 80 81 82 83 84 85 86 87 88 89 90 92 93 94 95 96 97 98 
38 82 0 1 2 3 4 6 7 9 10 12 13 14 15 17 18 19 20 21 22 23 25 26 28 29 30 31 32 33 34 35 36 37 39 40 41 42 44 45 47 48 49 50 51 52 53 55 56 57 58 59 61 62 63 64 65 67 68 70 72 73 74 75 76 77 78 79 80 81 82 83 84 86 87 88 89 90 93 94 95 96 97 98 
39 77 0 1 2 3 4 5 6 8 12 13 14 15 16 17 19 20 21 22 23 25 26 27 28 29 30 31 32 33 34 35 37 38 41 42 43 44 45 46 48 49 51 52 54 55 56 57 58 59 60 61 63 64 66 69 70 72 73 74 76 77 79 80 81 82 83 84 85 86 87 88 90 92 93 94 95 98 99 
40 82 1 3 4 5 6 8 9 10 11 12 13 14 15 17 18 19 20 21 22 23 24 25 27 28 29 32 33 34 36 37 38 39 41 42 43 46 47 48 49 50 52 54 55 56 58 59 60 61 62 63 64 65 66 67 68 69 71 72 74 75 76 77 78 80 82 83 84 85 86 87 88 89 90 91 92 93 94 95 96 97 98 99 
41 80 0 1 2 3 4 5 6 7 8 9 12 13 14 15 16 17 18 19 22 24 25 26 27 28 29 30 32 33 34 35 36 37 38 39 40 43 44 45 46 50 51 53 54 55 56 58 59 60 61 62 64 65 66 67 68 70 72 75 77 79 80 81 82 83 84 85 86 87 88 89 90 91 92 93 94 95 96 97 98 99 
42 79 0 2 3 4 5 8 9 10 11 13 14 18 20 21 23 24 25 26 27 28 29 30 31 33 34 35 36 37 38 39 40 41 43 46 47 48 49 50 51 52 53 54 55 56 57 59 60 61 62 63 66 67 68 69 70 71 72 73 74 75 76 77 78 79 80 82 83 84 85 86 87 89 91 92 93 96 97 98 99 
43 82 0 1 2 3 6 7 8 9 10 11 12 13 14 15 16 17 18 20 22 23 24 25 26 27 28 29 31 32 33 34 35 36 37 39 40 41 42 44 45 46 47 51 53 54 55 56 57 59 60 61 64 67 68 69 70 71 72 73 74 75 76 77 79 80 81 83 84 85 86 87 88 89 90 91 92 93 94 95 96 97 98 99 
44 86 0 1 2 3 4 5 6 7 8 9 10 12 13 14 15 16 17 18 20 22 24 25 26 27 28 29 30 31 33 34 35 36 37 38 39 40 41 42 43 45 46 48 49 50 51 52 53 54 55 56 57 58 59 60 61 63 64 65 67 70 71 72 73 75 76 77 78 79 80 81 82 83 84 85 86 87 89 90 91 92 93 94 95 97 98 99 
45 80 0 2 3 4 5 6 7 8 9 10 11 12 13 15 16 18 19 21 22 26 28 31 32 33 35 37 38 39 40 42 43 44 46 48 49 50 51 52 53 54 55 56 57 58 59 60 61 62 63 64 65 66 67 68 69 70 71 72 73 74 75 76 77 78 79 80 81 83 84 85 86 87 88 90 91 93 95 96 98 99 
46 78 0 1 2 3 5 7 8 9 10 11 12 13 14 15 17 19 20 21 22 23 28 29 30 31 32 33 34 35 37 39 40 41 44 45 48 49 50 51 52 53 55 56 57 58 59 62 63 64 67 68 69 70 71 72 73 74 75 77 78 80 81 82 83 84 85 86 87 88 89 90 91 92 93 94 95 96 97 99 
47 80 0 1 2 4 5 6 7 8 9 10 11 13 14 15 18 19 20 22 23 24 25 26 28 29 31 32 33 34 36 37 38 39 40 41 42 43 44 45 46 48 49 50 51 53 54 55 56 58 59 60 61 62 66 67 68 71 73 75 76 77 78 79 80 81 82 83 84 85 86 87 88 89 90 91 92 94 95 97 98 99 
48 80 0 1 3 4 6 7 8 10 13 14 15 16 19 20 22 23 24 25 26 27 29 31 32 33 34 35 36 38 40 41 42 43 44 45 46 47 50 53 54 55 56 57 58 59 60 62 63 64 65 66 67 68 69 70 71 72 73 74 75 76 77 78 79 80 81 82 83 84 87 88 89 90 91 93 94 95 96 97 98 99 
49 84 0 1 2 3 4 5 6 7 8 9 10 11 12 15 17 18 19 20 21 22 23 24 25 26 27 28 29 30 32 33 34 35 36 39 40 41 44 45 46 47 48 50 51 52 53 54 55 57 58 59 60 62 63 66 67 68 69 70 71 72 73 74 75 76 77 78 79 80 81 82 83 84 86 87 88 89 90 91 92 93 94 96 98 99 
50 73 0 1 2 3 6 7 8 9 11 14 15 16 17 18 19 20 21 22 24 25 26 28 29 30 32 34 36 37 38 42 43 44 45 47 51 52 53 54 56 57 58 60 61 62 63 64 65 66 69 70 71 73 75 76 77 79 80 81 83 84 85 86 87 90 91 92 93 94 95 96 97 98 99 
51 82 0 1 2 3 4 5 6 7 8 9 10 11 12 13 15 18 19 20 21 22 23 24 25 26 27 28 29 30 31 32 33 35 36 38 39 40 41 42 43 44 45 47 48 49 50 52 53 54 55 56 58 59 60 61 62 63 65 66 67 69 70 71 72 75 76 77 78 79 81 86 87 88 89 90 91 92 93 94 96 97 98 99 
52 90 0 1 2 3 4 6 7 8 10 12 14 15 16 17 18 19 20 21 22 23 24 25 26 27 28 29 30 31 32 33 34 36 37 38 39 40 41 42 43 44 45 46 47 48 49 50 51 53 54 55 56 57 58 59 60 61 62 64 65 66 67 68 69 70 71 72 73 74 75 76 77 78 79 80 81 82 83 84 85 86 87 90 91 92 93 94 95 97 98 99 
53 85 0 1 2 3 4 5 6 7 8 10 11 12 14 15 16 17 18 19 20 21 22 24 25 27 28 29 30 31 32 33 34 36 37 38 39 40 41 42 43 44 45 46 47 48 50 51 52 54 55 56 57 58 59 60 63 65 66 67 68 69 70 71 73 74 75 76 77 78 79 81 82 83 84 85 87 88 89 90 91 92 93 95 96 98 99 
54 74 0 1 3 4 6 8 9 12 14 16 17 18 19 21 22 23 26 27 28 29 30 31 33 35 36 37 38 39 40 41 42 43 44 45 47 49 51 53 55 56 57 58 60 61 62 64 65 67 68 70 72 73 74 75 76 77 80 81 82 83 84 85 86 87 88 89 90 91 93 94 95 96 98 99 
55 88 0 1 2 3 4 6 7 8 9 10 11 12 13 14 15 16 17 18 19 20 21 22 23 24 25 26 27 29 30 31 32 33 34 35 37 38 39 40 41 42 43 44 45 46 47 48 49 50 52 53 54 56 57 58 60 61 63 64 65 67 68 69 70 71 72 74 75 76 77 78 79 80 83 84 85 86 87 88 89 90 91 92 93 94 95 96 97 99 
56 75 0 1 2 3 4 5 6 7 8 9 10 12 14 15 16 17 19 22 23 24 25 26 27 29 31 33 34 36 37 38 39 40 41 43 48 49 50 51 52 53 54 57 58 59 60 62 64 65 66 67 69 71 72 74 75 77 78 79 80 82 83 84 85 87 88 89 90 91 92 93 94 95 96 97 98 
57 82 0 1 2 4 5 6 7 8 9 10 11 12 15 16 17 18 19 20 21 23 24 25 26 27 28 29 30 31 32 33 34 36 37 39 40 41 43 44 45 46 48 49 50 51 54 55 56 59 60 61 62 63 64 65 66 67 70 71 72 73 74 75 76 77 78 79 80 81 83 85 86 87 88 89 90 91 92 94 95 97 98 99 
58 83 0 1 3 4 5 6 8 9 11 12 13 14 16 17 18 19 20 21 22 23 24 25 26 27 28 29 31 33 34 35 37 38 39 40 41 42 43 44 45 46 47 49 50 51 52 53 54 55 56 57 59 60 61 62 63 64 65 67 68 69 70 72 73 74 75 76 77 78 79 82 83 84 85 86 90 91 92 93 94 95 96 97 99 
59 82 0 1 2 3 4 6 7 8 9 10 11 12 13 14 15 16 17 18 19 21 22 23 24 25 26 27 28 30 32 33 34 35 36 37 38 39 40 41 42 43 44 46 48 50 51 52 54 55 56 57 58 60 61 62 63 64 65 66 67 68 69 70 71 72 73 74 75 76 77 78 79 81 83 84 85 86 89 90 94 95 96 98 
60 76 0 1 2 3 4 7 8 11 12 13 14 15 16 17 18 19 20 21 22 23 24 25 26 27 28 30 31 32 35 36 37 38 41 42 43 46 47 48 49 50 52 56 57 58 59 63 64 65 66 67 68 69 70 71 72 73 74 75 76 77 79 80 81 82 83 85 86 88 89 92 93 94 95 96 98 99 
61 81 1 2 3 4 5 8 9 10 11 12 13 15 18 19 20 21 24 26 27 29 30 31 32 33 34 35 36 37 38 39 40 41 42 43 44 45 46 47 48 49 50 51 52 53 54 55 56 57 58 59 60 62 63 64 66 67 68 69 71 72 73 74 76 79 80 81 82 83 85 86 87 88 90 91 92 93 94 95 96 97 99 
62 80 0 1 3 4 5 6 8 9 10 11 13 14 15 16 17 18 19 21 22 23 24 25 27 28 29 30 31 32 34 36 40 41 42 43 45 46 47 48 49 50 51 53 54 55 56 60 61 63 64 65 66 68 69 71 72 73 74 75 76 77 78 79 80 81 82 83 84 85 86 87 88 89 90 91 92 93 94 96 97 98 
63 83 0 1 4 5 6 7 8 9 11 12 13 14 15 17 18 19 20 21 22 23 24 25 27 29 30 31 32 34 35 36 37 38 39 41 42 43 44 45 47 48 49 50 51 52 53 54 55 56 57 58 59 60 61 65 66 67 69 70 71 72 74 75 76 77 78 79 80 81 82 84 85 86 87 88 89 90 93 94 95 96 97 98 99 
64 72 0 1 2 3 4 5 6 8 9 10 11 13 17 18 20 21 22 24 25 28 29 30 31 32 35 36 37 39 40 41 42 44 47 48 49 50 51 52 55 56 57 58 59 60 62 63 65 68 69 70 71 74 75 76 77 78 80 82 84 85 86 87 88 89 90 91 92 93 94 95 97 98 
65 81 0 1 2 3 4 7 8 9 10 13 15 16 17 19 20 21 22 23 24 25 26 27 28 31 32 33 34 35 36 37 38 39 41 42 43 44 45 46 47 48 51 52 53 54 55 56 57 58 59 60 62 63 64 67 68 69 70 71 72 73 74 75 76 77 78 80 81 82 85 86 87 88 89 91 92 93 94 95 96 97 99 
66 76 0 3 5 6 7 9 10 11 12 15 18 20 21 25 26 27 28 29 30 32 33 35 36 37 38 39 40 41 42 43 44 45 47 48 49 50 51 52 53 54 55 56 57 58 59 60 61 62 63 64 68 69 70 71 73 74 75 76 77 78 79 81 83 84 85 86 87 88 89 90 92 93 94 95 97 99 
67 76 1 2 3 4 6 7 8 9 10 12 13 14 15 16 17 18 19 20 23 24 25 26 27 28 29 30 31 32 33 34 35 38 40 41 45 48 49 50 51 52 53 55 57 58 59 60 62 63 65 68 69 70 71 72 73 75 76 77 78 79 81 82 83 84 85 87 89 90 92 93 94 95 96 97 98 99 
68 86 0 1 2 3 4 5 6 7 10 12 13 14 16 17 18 19 20 21 22 23 24 25 26 27 28 29 30 31 32 34 35 36 37 38 39 42 43 44 45 46 47 48 49 50 51 52 53 54 55 56 57 58 59 60 61 63 64 65 66 67 69 70 71 72 73 74 75 77 78 79 82 83 84 85 86 87 88 89 90 92 93 94 95 97 98 99 
69 81 0 2 3 5 7 8 10 11 12 13 14 15 16 18 19 20 21 22 23 25 26 27 29 30 31 32 33 34 35 36 37 39 41 43 44 45 46 47 48 49 50 51 53 54 55 56 58 60 61 62 63 64 65 66 67 68 70 71 72 73 74 77 78 79 80 81 82 83 84 86 88 89 90 91 92 94 95 96 97 98 99 
70 79 0 1 2 5 6 7 10 11 12 13 14 15 16 18 19 20 21 22 23 24 25 26 28 30 31 32 33 34 35 36 38 39 40 41 42 43 44 45 46 49 50 51 52 53 54 57 59 60 61 62 64 65 66 67 68 69 71 72 73 74 77 78 80 81 83 84 85 86 87 88 90 91 92 93 94 96 97 98 99 
71 71 0 1 2 5 6 7 8 12 13 15 16 19 21 22 23 24 25 27 28 29 30 31 33 34 35 36 37 38 39 40 42 43 44 45 46 47 49 51 53 54 56 57 58 59 60 62 63 64 65 67 69 70 73 74 75 76 77 78 79 80 82 84 86 87 90 91 92 93 94 96 97 
72 82 0 1 2 3 4 5 6 7 8 9 10 11 12 13 14 15 16 18 19 21 24 25 26 27 28 29 30 34 35 36 40 41 42 43 44 45 46 47 48 49 50 51 52 53 54 55 56 57 58 59 60 61 62 63 64 65 66 67 68 69 70 73 74 75 76 77 79 80 81 82 83 84 88 89 90 92 94 95 96 97 98 99 
73 83 0 1 2 4 5 6 7 8 9 10 11 12 13 14 16 18 21 22 23 24 25 26 27 28 29 30 31 32 36 37 38 40 41 43 44 45 46 48 50 51 52 53 54 55 56 57 58 59 60 61 62 63 64 65 66 67 69 70 72 74 75 76 77 78 80 81 82 83 84 85 86 87 88 89 90 91 92 93 94 95 96 97 98 
74 83 0 1 2 4 5 6 8 10 11 12 13 14 15 16 17 18 19 20 21 22 23 24 25 28 29 30 31 32 33 34 35 36 37 39 40 41 42 43 44 45 46 47 48 49 51 53 55 56 57 58 59 60 61 62 64 65 66 67 69 70 71 72 73 75 76 78 79 80 81 83 84 85 88 89 90 91 92 93 94 95 96 97 98 
75 85 0 1 2 3 5 7 8 9 10 11 12 14 16 17 18 19 20 21 22 23 24 25 26 27 28 29 30 31 33 34 35 36 37 38 39 40 41 42 43 44 47 48 49 50 51 52 53 56 57 58 59 60 61 63 64 67 68 69 70 71 72 73 74 76 78 79 80 81 83 84 85 86 87 88 89 90 91 92 93 94 95 96 97 98 99 
76 78 1 2 3 4 5 6 7 9 11 12 13 14 16 17 18 19 20 21 24 25 26 29 30 31 32 33 34 35 36 37 38 39 41 42 43 44 45 47 48 51 52 55 56 57 58 59 60 61 64 65 66 67 68 69 70 72 73 75 77 78 79 80 81 82 83 85 86 87 88 89 92 93 94 95 96 97 98 99 
77 80 0 1 2 4 5 6 8 9 11 13 14 15 16 17 18 19 21 22 23 24 25 29 30 31 32 33 35 36 37 38 39 40 41 43 45 46 47 50 51 52 53 56 57 58 59 60 61 62 63 64 65 66 67 68 69 70 71 72 73 74 75 76 78 79 81 82 83 84 85 86 88 89 90 91 92 93 94 96 98 99 
78 74 1 2 3 4 5 8 10 12 13 14 15 16 18 19 20 22 24 25 28 29 30 32 33 34 35 36 37 38 39 40 41 42 43 45 48 49 50 51 52 53 54 55 58 59 62 64 67 68 70 72 73 74 75 76 77 80 81 82 83 84 85 86 87 88 89 90 91 93 94 95 96 97 98 99 
79 82 0 1 3 4 5 7 8 9 10 11 12 13 15 16 18 19 20 21 22 23 24 25 26 30 31 33 34 35 36 37 38 40 41 42 43 44 45 46 47 48 49 50 51 53 54 55 56 57 59 60 61 64 65 66 67 69 70 71 72 73 74 75 76 77 78 80 81 82 85 86 87 88 90 91 92 93 94 95 96 97 98 99 
80 80 2 3 5 6 7 9 10 11 13 14 15 18 19 20 21 22 23 24 25 26 27 28 29 30 31 32 33 34 35 36 37 39 40 41 42 43 44 46 47 48 49 50 52 53 55 57 58 59 60 61 62 63 64 66 67 69 70 71 72 73 74 75 76 79 81 82 84 86 87 88 89 90 91 92 93 94 95 96 97 99 
81 81 0 1 2 4 6 7 8 9 10 12 14 16 17 18 19 20 22 23 24 25 26 28 29 30 31 33 34 35 36 37 38 39 40 41 42 43 44 45 46 47 48 49 50 51 53 54 56 57 58 59 60 61 62 64 65 66 69 70 71 73 74 77 78 79 80 82 83 84 85 86 87 88 89 91 92 93 94 95 97 98 99 
82 84 0 1 2 3 4 5 6 7 8 9 10 11 12 13 15 17 18 19 20 21 22 23 24 25 28 29 30 31 32 34 35 36 37 38 39 40 41 42 43 44 45 46 47 48 49 51 52 53 54 55 56 58 59 60 61 62 63 64 65 66 68 70 71 72 75 76 77 79 80 81 83 84 85 86 88 89 90 91 92 93 94 97 98 99 
83 77 0 1 2 4 5 6 7 8 9 10 11 12 13 14 15 16 17 18 19 20 22 23 24 25 26 27 28 29 33 35 36 37 38 39 40 42 43 44 45 46 47 52 53 54 55 56 58 60 61 63 64 65 66 67 68 69 70 71 72 73 77 78 79 81 84 85 86 87 89 90 91 93 95 96 97 98 99 
84 85 0 1 2 3 4 5 6 7 9 10 11 12 14 15 16 17 18 19 20 22 23 24 25 26 27 28 29 30 32 33 34 35 36 37 38 39 40 42 43 46 47 48 49 50 51 52 53 54 56 57 58 61 62 63 64 65 66 67 68 69 70 71 72 73 74 75 76 77 78 79 80 81 83 86 87 89 90 91 92 93 95 96 97 98 99 
85 81 0 2 3 4 5 6 7 8 9 10 11 13 14 17 19 20 21 22 23 25 26 28 29 30 33 34 35 36 38 40 41 42 43 44 45 46 47 48 49 50 51 52 53 54 55 56 57 58 59 60 61 62 63 64 65 66 67 68 69 70 71 72 73 74 75 76 77 78 80 83 86 87 89 90 91 92 93 94 96 97 98 
86 83 0 1 2 3 4 5 6 7 8 10 11 12 13 15 16 17 18 19 21 22 24 25 26 27 28 29 32 33 34 35 36 37 39 40 41 42 43 44 45 47 48 49 50 51 53 54 55 57 58 59 60 61 62 64 66 67 68 69 70 71 72 73 75 76 77 78 79 80 81 82 83 84 87 88 89 90 92 93 94 95 96 98 99 
87 82 0 1 2 3 4 5 6 7 8 9 11 12 13 14 15 16 17 18 19 20 22 23 24 25 26 27 28 30 31 33 34 35 36 37 38 39 40 41 43 45 46 47 48 49 51 54 56 57 58 59 60 61 63 64 65 66 67 68 69 70 71 72 73 74 75 76 77 79 80 82 85 86 88 89 90 92 93 94 96 97 98 99 
88 77 0 3 8 9 12 14 15 16 17 18 19 20 22 23 24 25 26 30 31 32 33 34 35 36 38 40 41 42 43 44 45 46 47 48 49 51 52 53 54 55 56 57 59 60 61 62 63 64 65 66 67 68 69 70 72 73 74 75 76 77 78 79 80 81 82 84 85 87 89 90 92 93 95 96 97 98 99 
89 71 3 4 7 8 10 11 13 14 15 17 19 20 21 22 23 24 25 26 27 28 29 34 35 36 37 38 39 40 42 43 45 46 47 50 51 53 54 55 56 57 58 59 60 61 62 63 64 65 66 67 68 70 71 72 74 77 78 79 80 81 82 84 85 88 90 91 94 95 96 97 99 
90 81 0 2 3 4 5 6 7 8 9 10 12 13 14 15 16 17 18 19 20 21 22 23 24 26 27 30 31 32 33 35 36 37 38 39 41 42 43 44 45 46 48 49 50 52 53 54 57 59 60 62 63 64 65 67 68 69 70 71 72 73 74 75 76 77 79 81 82 83 84 85 86 87 88 89 91 93 94 96 97 98 99 
91 80 3 4 7 8 9 10 12 13 14 15 16 17 18 19 20 21 25 27 28 29 30 31 32 34 35 36 38 39 40 43 45 46 48 49 50 51 52 53 54 55 56 57 58 59 60 61 62 63 64 65 66 67 68 69 70 71 72 73 74 75 76 77 78 80 82 83 84 85 86 87 88 90 92 93 94 95 96 97 98 99 
92 80 0 1 2 3 5 6 7 8 9 10 11 12 13 14 15 16 17 19 20 21 22 23 25 26 28 29 30 31 32 33 35 36 37 38 39 40 41 42 44 47 49 50 51 52 53 55 56 58 59 60 62 63 64 65 66 67 68 70 71 72 73 75 76 79 80 81 82 83 85 86 87 89 90 91 93 94 96 97 98 99 
93 77 2 3 5 6 7 8 9 10 11 12 13 14 15 16 17 18 19 20 23 24 25 31 33 34 35 38 39 40 42 44 45 46 48 49 50 51 52 53 54 55 56 58 59 60 62 63 64 65 66 67 68 69 70 71 72 73 74 76 78 79 80 81 82 83 84 85 86 87 89 90 91 92 94 95 97 98 99 
94 79 2 3 4 5 6 7 9 10 11 14 15 16 17 18 19 21 22 23 24 25 26 27 28 29 31 32 33 34 38 39 40 41 42 43 46 47 48 49 51 52 53 54 55 56 57 58 60 61 62 63 65 66 67 68 70 71 73 74 75 76 77 78 79 80 82 83 84 85 86 87 88 89 90 93 95 96 97 98 99 
95 76 0 1 2 3 4 5 6 7 8 12 13 15 17 18 20 21 22 23 25 26 27 29 30 32 33 34 35 36 37 40 42 43 44 45 46 48 49 50 51 52 53 54 55 56 57 58 59 60 61 62 63 65 66 67 70 71 72 73 75 76 77 79 80 81 82 83 85 86 87 88 89 92 93 97 98 99 
96 82 0 2 3 4 5 6 7 8 9 10 11 12 14 15 17 18 19 20 21 22 25 26 27 28 29 30 31 32 33 35 36 37 38 39 40 41 42 43 44 46 48 49 50 52 53 54 55 56 57 59 60 61 62 63 64 65 68 69 70 71 72 73 74 75 76 77 78 79 80 81 82 83 84 86 87 88 91 92 93 95 97 99 
97 76 1 2 3 5 6 7 8 9 10 11 12 13 14 15 17 18 20 21 23 25 26 27 29 30 31 33 34 35 36 38 39 40 42 43 44 45 46 47 48 49 51 52 53 54 55 56 57 58 59 60 61 62 63 64 65 67 68 69 70 74 75 76 77 79 80 82 83 84 85 86 87 91 92 93 94 98 
98 86 0 1 2 3 4 6 7 9 10 11 12 13 15 16 17 19 20 22 23 24 25 26 27 28 30 31 32 33 34 35 36 39 40 43 44 45 46 47 48 49 50 51 52 53 54 55 56 57 58 59 60 62 63 64 65 66 67 68 69 70 71 72 73 74 75 76 77 78 79 81 82 83 84 85 86 87 89 90 91 92 93 94 95 96 97 99 
99 80 0 1 2 3 4 5 6 7 9 10 11 12 13 14 15 16 18 19 23 24 25 26 27 28 29 30 32 33 34 35 37 38 39 40 41 42 44 46 47 48 49 50 51 52 53 55 56 57 59 61 63 64 65 66 67 69 70 71 72 73 76 77 78 79 80 81 83 84 85 86 88 89 90 91 92 93 94 96 97 98 
