100
0 24 11 12 13 17 24 35 40 44 48 49 50 53 56 58 75 76 79 80 82 83 88 92 94 95 
1 21 20 21 22 25 26 39 41 43 46 48 54 63 64 72 75 76 78 80 88 97 98 
2 24 5 8 10 13 15 16 20 22 25 28 29 31 39 54 59 62 65 66 69 70 72 75 77 83 
3 18 1 4 5 11 13 25 29 32 33 48 49 56 71 77 84 85 91 98 
4 25 11 13 15 16 31 44 46 50 53 54 55 56 57 58 60 62 65 74 75 77 81 87 89 95 97 
5 15 3 12 17 28 39 48 59 69 74 79 80 88 92 93 97 
6 20 0 3 7 10 16 17 20 21 28 29 37 38 60 65 67 76 82 94 95 97 
7 20 0 17 26 35 37 39 40 50 53 61 65 66 68 76 79 83 85 91 94 98 
8 22 0 2 14 19 21 24 27 28 29 30 33 36 47 58 61 66 77 83 86 87 89 99 
9 25 4 5 6 14 23 33 37 40 41 50 51 55 56 59 66 67 73 74 78 83 86 89 95 96 97 
10 20 5 9 16 17 20 23 25 30 34 39 46 49 57 73 76 78 85 91 92 93 
11 22 0 8 16 17 23 24 27 28 29 31 37 38 41 42 48 49 50 57 69 79 85 91 
12 21 21 22 28 32 34 37 45 49 50 52 62 65 67 72 74 79 81 85 90 94 95 
13 20 4 14 15 16 36 37 44 52 54 55 58 59 65 66 70 73 74 75 76 88 
14 27 21 27 28 37 45 49 53 55 59 60 61 62 65 66 69 70 71 72 73 74 81 84 87 89 91 92 98 
15 26 2 7 8 9 11 22 26 36 37 38 39 40 41 44 48 54 56 59 60 61 63 67 73 74 77 86 
16 28 0 1 2 3 4 10 13 29 33 47 48 50 61 64 66 68 69 71 75 81 83 89 92 93 94 95 98 99 
17 20 0 5 6 14 32 46 48 52 54 60 61 67 69 73 81 83 86 88 92 98 
18 21 0 1 6 10 11 20 23 26 27 33 36 38 39 50 62 63 64 67 79 85 95 
19 15 1 12 15 16 20 25 27 35 38 46 53 56 57 76 80 
20 16 1 8 16 18 26 27 38 55 62 66 71 72 74 87 91 99 
21 20 1 2 7 8 10 11 16 22 28 34 45 48 57 62 74 76 81 84 85 91 
22 20 1 6 8 17 19 32 47 54 55 56 61 71 79 85 88 89 93 94 96 99 
23 19 11 13 22 27 28 32 37 43 46 47 50 55 71 78 82 86 88 89 92 
24 25 7 8 9 17 21 23 27 28 29 40 44 48 54 55 58 59 63 64 70 75 77 80 82 88 99 
25 14 1 3 5 29 43 44 63 66 68 70 75 90 94 95 
26 24 6 7 11 12 13 19 25 30 37 39 41 43 47 48 49 57 63 77 82 83 85 93 94 98 
27 23 3 4 6 12 16 23 28 35 42 44 46 52 63 66 69 72 73 74 80 87 89 91 94 
28 25 2 4 6 10 13 18 23 24 31 36 37 38 41 48 49 50 51 58 74 82 86 90 91 92 98 
29 17 3 8 16 17 35 37 44 47 50 51 54 64 71 75 80 81 90 
30 20 0 4 9 10 19 25 32 36 40 45 46 65 67 74 77 78 85 90 92 96 
31 15 13 20 24 48 53 59 61 63 64 66 74 87 88 91 99 
32 17 0 6 11 24 26 29 30 37 53 54 58 63 72 83 86 90 95 
33 15 1 11 12 13 30 34 51 54 58 59 61 64 67 77 82 
34 16 1 3 4 5 12 14 21 30 40 41 43 57 58 65 81 83 
35 22 4 7 10 15 18 20 22 24 26 30 33 34 36 45 52 59 63 73 75 78 88 94 
36 19 9 20 21 22 33 40 45 51 57 63 71 73 74 75 77 79 85 88 98 
37 24 0 7 16 18 19 34 41 42 43 44 45 54 55 58 59 66 67 73 76 78 90 93 96 97 
38 23 1 2 4 7 15 22 24 33 62 68 71 73 74 78 85 86 87 88 89 90 92 97 98 
39 12 5 14 22 30 37 49 55 67 74 78 84 85 
40 18 0 1 2 4 6 14 15 17 27 33 43 44 48 50 61 77 96 97 
41 26 0 5 15 16 23 24 25 27 36 38 44 45 54 62 67 75 77 79 80 84 85 89 90 95 96 98 
42 21 0 2 7 14 17 18 34 35 39 53 54 58 65 67 74 75 78 79 81 82 89 
43 26 3 6 12 13 18 21 26 29 30 34 36 47 49 51 54 55 59 63 65 69 76 78 79 82 95 97 
44 22 12 13 14 17 21 22 23 32 34 36 37 43 45 54 55 65 70 72 84 92 95 98 
45 14 9 14 31 57 61 74 79 80 83 86 92 93 94 96 
46 21 8 16 18 19 26 30 31 37 41 44 52 61 64 68 73 78 82 83 96 97 99 
47 28 4 5 9 26 29 32 36 37 39 43 48 53 55 57 59 61 71 72 73 75 77 80 81 85 88 93 94 96 
48 17 10 11 27 30 47 52 57 60 61 62 68 70 78 79 85 91 93 
49 12 0 1 11 20 35 43 55 57 64 70 83 89 
50 23 7 9 10 20 22 26 28 40 43 44 47 48 49 62 64 77 78 83 84 86 91 92 99 
51 22 1 2 10 15 16 21 23 32 34 35 44 48 50 52 53 61 68 71 74 79 80 99 
52 22 1 2 5 8 15 16 17 22 29 33 35 41 46 50 61 69 75 77 79 93 97 98 
53 23 1 2 20 21 23 29 36 37 38 44 48 49 58 61 65 68 73 81 82 86 89 91 94 
54 20 0 9 10 17 21 22 30 41 43 44 45 46 64 70 75 77 81 84 95 97 
55 21 8 19 24 28 38 42 47 48 53 54 56 60 66 70 74 78 80 81 92 93 96 
56 19 1 12 16 18 24 27 32 35 45 46 54 57 59 61 68 77 83 86 91 
57 21 0 3 5 13 14 17 28 34 35 39 42 46 48 73 74 79 81 85 91 95 98 
58 20 0 4 8 16 18 19 21 55 57 61 62 64 65 67 69 73 78 79 82 85 
59 18 0 3 11 13 16 20 21 27 38 45 47 52 77 80 82 83 94 99 
60 15 3 7 10 11 33 50 59 67 71 77 83 84 94 97 99 
61 21 15 17 19 20 25 37 39 42 44 51 53 57 58 59 63 69 70 72 80 83 89 
62 19 0 1 3 7 21 38 42 46 47 48 51 55 66 69 72 73 77 81 92 
63 18 2 11 16 19 29 36 38 45 50 52 54 66 73 74 75 78 93 96 
64 25 0 2 11 12 15 23 27 29 30 35 41 54 58 62 67 71 72 78 79 81 84 91 92 95 99 
65 20 0 6 11 12 29 30 32 38 41 42 44 46 49 62 69 77 79 81 91 92 
66 19 3 8 9 11 13 19 32 34 41 42 50 52 53 60 64 67 76 81 96 
67 18 15 18 21 23 28 31 48 51 53 58 60 65 66 74 79 85 87 97 
68 23 2 14 17 27 30 33 34 36 38 40 44 48 53 56 61 67 71 75 78 83 88 89 91 
69 15 2 3 13 15 16 17 27 31 33 39 40 48 49 50 77 
70 19 0 11 14 25 28 29 32 37 38 59 64 68 72 75 77 85 86 89 90 
71 28 2 6 9 13 15 25 28 31 32 34 39 47 51 52 56 57 59 62 63 67 68 72 74 75 80 87 90 92 
72 19 6 9 14 21 23 24 25 42 44 45 57 63 68 73 79 86 87 89 90 
73 19 7 11 24 25 31 32 33 47 49 56 57 59 65 69 74 80 90 91 98 
74 22 3 5 7 11 13 21 22 23 26 28 37 42 43 47 52 53 55 59 67 79 81 83 
75 21 4 11 15 17 19 20 28 31 33 37 40 46 55 57 61 66 68 78 89 93 97 
76 16 0 9 16 24 37 38 39 44 51 56 63 77 78 80 87 94 
77 29 3 6 7 8 10 13 18 20 31 32 34 36 38 39 41 45 47 54 55 59 61 63 66 67 69 70 73 95 97 
78 22 5 8 10 14 26 28 31 34 35 38 39 41 43 50 56 59 63 82 84 93 95 98 
79 18 5 16 18 20 32 35 37 38 43 45 48 51 63 70 77 80 88 96 
80 16 1 27 30 35 38 48 53 62 71 74 75 76 77 78 91 94 
81 18 7 8 10 13 15 16 28 34 39 45 48 54 61 83 92 95 96 97 
82 17 1 3 4 8 11 22 28 29 34 39 41 50 52 75 79 85 91 
83 16 0 1 3 6 7 19 21 40 41 44 46 53 58 79 90 96 
84 20 3 13 14 21 24 29 35 42 46 48 53 54 57 64 67 68 88 90 94 96 
85 14 5 20 23 31 39 42 49 63 65 73 78 88 91 98 
86 19 7 10 12 22 28 30 39 40 47 48 52 56 59 62 64 67 71 73 98 
87 24 2 4 12 15 19 23 26 30 35 44 46 47 51 52 53 58 61 70 77 78 89 90 92 95 
88 18 5 7 14 21 27 33 34 35 45 47 49 52 66 69 70 90 97 98 
89 12 7 9 10 11 19 22 32 54 59 63 69 71 
90 21 0 7 10 13 14 22 35 38 48 49 51 57 58 60 71 76 77 79 80 82 87 
91 18 1 8 12 13 14 46 52 55 56 59 61 65 69 75 80 84 90 98 
92 21 0 24 26 31 33 34 39 43 48 54 56 59 61 73 74 75 80 81 90 93 97 
93 21 4 5 20 23 26 27 30 42 44 49 51 53 54 63 64 70 78 80 87 96 98 
94 24 3 8 9 18 19 31 33 35 42 43 47 53 56 57 61 62 69 72 73 79 83 93 95 98 
95 15 6 9 17 22 26 27 31 36 39 59 66 76 84 86 96 
96 16 3 4 5 6 38 40 44 49 51 52 60 76 80 83 89 92 
97 25 10 13 14 16 23 25 26 29 32 36 39 44 45 47 50 59 61 70 74 76 77 84 88 92 99 
98 21 2 9 11 12 17 30 32 33 34 37 39 42 46 47 64 65 66 67 87 92 95 
99 22 2 9 12 16 17 21 34 35 49 53 56 57 63 65 66 71 73 87 90 93 94 96 
