100
0 79 1 2 3 4 5 6 7 9 10 11 12 13 15 16 17 18 19 20 21 22 23 24 25 26 27 28 29 31 32 35 39 41 42 43 44 46 48 49 50 53 54 55 56 57 58 59 60 61 62 63 64 65 66 67 68 69 70 71 72 73 75 76 77 78 80 81 83 84 87 88 89 90 91 92 93 94 96 97 99 
1 84 2 3 4 5 6 7 9 10 12 13 14 15 16 18 19 20 21 22 23 24 26 27 29 30 31 32 34 35 36 38 39 40 41 42 43 44 46 47 48 49 50 51 54 55 56 57 58 59 60 61 62 63 64 66 67 68 69 70 71 73 74 75 76 77 78 79 80 81 82 84 85 86 87 88 89 90 92 93 94 95 96 97 98 99 
2 77 0 1 4 6 7 8 9 10 12 13 14 15 16 17 18 19 20 21 22 25 26 27 28 29 30 31 32 33 34 35 37 38 39 41 42 43 44 45 47 48 49 50 51 52 53 54 55 56 57 58 59 60 61 62 63 64 66 67 68 70 73 75 76 78 79 80 81 82 83 85 86 87 89 90 92 95 99 
3 80 0 1 2 4 5 6 7 9 10 11 12 14 15 18 19 22 23 24 25 26 27 29 30 31 33 34 35 36 37 38 39 40 41 42 43 44 45 46 47 48 49 50 51 53 54 55 56 57 58 59 60 61 63 64 65 66 67 69 70 72 73 74 75 76 77 78 79 81 82 83 84 87 88 91 92 93 95 96 97 98 
4 76 0 1 2 3 5 6 7 8 9 11 15 17 18 19 20 21 22 24 25 26 27 28 31 32 33 34 35 37 38 39 40 41 42 44 45 46 47 48 49 50 51 52 53 55 56 58 59 60 61 62 63 64 65 66 67 69 70 71 74 76 77 80 81 82 84 85 86 87 88 91 93 94 96 97 98 99 
5 77 0 1 2 3 4 6 9 10 11 13 14 15 16 18 19 20 22 23 24 25 26 28 29 31 32 33 34 35 36 37 42 43 44 47 48 49 50 53 54 55 57 58 59 60 61 62 63 64 65 66 67 68 69 71 72 73 74 75 76 78 79 80 81 82 83 84 85 86 88 89 90 92 93 94 95 97 99 
6 88 1 2 4 5 7 8 9 10 11 12 13 14 15 16 17 18 19 20 22 23 24 25 26 27 28 29 30 31 32 33 35 36 37 38 39 40 41 42 43 44 45 46 47 48 49 50 51 53 54 55 56 57 58 59 60 62 64 65 66 67 68 69 70 71 72 74 76 77 78 79 80 81 83 84 85 86 87 89 90 91 92 93 94 95 96 97 98 99 
7 88 0 1 2 3 4 5 6 8 9 10 11 12 13 15 16 17 18 19 20 21 22 23 24 26 27 28 29 30 31 32 33 34 35 36 37 38 39 40 41 42 44 45 47 50 52 53 55 56 57 58 59 60 61 62 63 64 65 66 67 68 69 70 71 72 73 74 76 77 78 79 80 81 82 83 84 85 86 87 88 89 90 91 92 94 95 97 98 99 
8 84 0 2 3 4 5 6 9 10 11 12 13 16 17 18 19 20 21 22 23 25 27 28 29 30 31 32 33 34 35 36 37 38 40 41 42 44 45 46 49 50 51 52 53 54 55 56 57 58 60 61 62 63 64 65 66 67 68 69 71 73 74 75 76 77 78 79 80 81 82 83 84 86 87 88 89 90 92 93 94 95 96 97 98 99 
9 84 0 2 3 4 6 7 8 10 11 12 13 14 16 17 18 19 22 23 24 25 28 29 30 31 32 33 34 35 36 38 39 40 41 42 43 44 45 46 47 49 50 51 52 54 55 56 58 59 60 61 62 64 65 66 67 68 69 70 71 73 74 76 77 78 79 80 81 82 83 84 85 86 87 88 89 90 91 92 93 94 95 97 98 99 
10 77 0 1 2 3 7 8 11 12 13 14 15 16 17 19 20 21 22 24 25 26 28 29 31 32 33 34 35 36 37 38 39 40 41 42 43 44 45 46 48 49 51 52 53 54 55 56 57 58 59 60 61 62 63 65 66 67 68 69 72 74 77 78 80 81 82 83 84 85 86 87 88 89 90 92 94 96 97 
11 81 1 2 3 4 5 6 7 8 9 10 12 13 14 15 17 18 19 20 21 22 23 26 28 29 30 31 35 36 37 38 39 40 41 42 43 44 45 46 47 48 49 51 52 53 55 57 58 59 60 61 62 64 65 66 67 69 70 71 72 74 76 77 78 79 80 81 82 84 85 86 87 88 89 90 91 92 93 95 96 97 99 
12 81 0 2 3 4 5 6 7 8 9 10 11 15 16 17 19 20 21 22 23 25 26 27 28 29 30 34 36 37 38 39 40 41 42 44 45 46 47 48 49 50 52 54 55 56 57 58 59 60 61 62 63 64 65 66 67 69 71 72 73 75 76 77 78 79 80 81 82 83 84 86 88 89 90 91 92 93 94 95 97 98 99 
13 82 0 1 2 3 4 5 6 7 8 9 10 12 14 15 16 17 18 20 21 22 23 24 25 27 28 29 30 31 32 33 35 36 37 38 40 41 42 43 44 45 46 47 48 49 50 52 53 54 55 56 57 58 60 61 62 63 64 65 67 68 69 70 71 74 75 76 79 80 83 84 85 86 87 88 91 92 94 95 96 97 98 99 
14 74 1 2 3 4 7 8 9 10 11 12 13 15 16 18 19 21 23 24 25 26 28 31 32 33 35 36 37 38 39 40 42 45 47 48 49 50 51 52 53 54 56 58 59 60 62 63 64 66 67 68 69 71 73 74 75 76 77 78 80 81 82 83 84 85 86 87 88 89 93 94 95 96 97 98 
15 88 0 1 3 4 5 6 8 9 10 11 12 13 14 16 17 18 19 20 21 22 23 24 25 26 27 28 29 30 31 33 34 35 36 37 38 39 40 41 43 44 45 46 47 48 49 50 51 52 53 54 55 56 57 58 59 60 61 63 64 67 68 69 70 71 72 73 74 75 76 77 78 79 80 81 82 83 84 85 86 87 88 89 90 91 92 94 97 98 
16 80 0 2 3 4 5 7 8 9 11 13 14 15 17 18 21 22 23 25 26 27 28 29 30 31 32 33 34 35 36 37 38 39 40 41 42 43 44 46 47 48 49 50 51 56 57 58 59 60 61 62 63 64 65 66 67 68 69 70 71 74 76 77 78 79 80 82 83 84 85 86 87 88 89 90 92 93 94 95 96 98 
17 74 0 2 3 4 5 6 8 9 11 12 15 16 18 19 20 21 22 23 24 25 26 27 28 29 30 31 32 33 34 35 36 38 39 40 42 43 44 45 47 48 49 51 52 53 55 56 58 59 60 61 63 64 65 66 67 68 69 71 72 73 75 76 77 80 81 82 84 86 91 93 94 95 97 99 
18 71 0 2 3 7 8 9 10 11 12 13 14 15 16 17 19 20 21 22 25 26 28 29 30 31 32 33 34 38 40 41 42 43 45 46 47 49 50 51 52 53 56 59 60 61 62 63 65 66 67 69 72 73 74 76 77 78 79 80 83 84 85 87 88 89 90 91 92 93 94 96 97 
19 80 0 1 2 3 5 7 8 9 10 11 12 14 15 16 17 18 20 21 22 23 25 26 27 28 29 31 32 34 35 37 38 39 41 42 43 44 45 46 47 49 50 52 53 54 58 59 60 61 63 64 65 68 69 70 72 73 74 75 76 77 78 80 81 82 83 84 85 86 87 88 89 90 91 92 94 95 96 97 98 99 
20 80 0 1 2 3 4 5 6 7 8 9 10 11 13 15 16 17 18 19 21 22 23 24 25 26 27 29 30 31 32 33 36 37 38 39 40 41 42 43 44 45 46 47 48 49 50 52 53 54 56 59 60 62 63 64 65 67 68 69 70 71 72 73 74 75 76 77 79 80 81 84 86 87 88 91 92 94 96 97 98 99 
21 74 1 4 5 6 7 8 9 11 12 13 14 15 17 18 20 23 25 26 27 29 30 31 34 35 36 37 39 40 43 44 45 46 47 48 50 51 52 54 55 56 57 58 59 61 63 65 66 67 68 70 72 73 74 75 76 77 78 79 80 83 84 85 86 87 88 89 91 93 94 95 96 97 98 99 
22 85 0 1 2 3 5 6 7 8 9 10 11 12 13 14 15 17 18 19 20 23 24 25 26 27 28 29 30 31 34 35 36 38 39 40 42 43 44 45 46 47 48 49 50 51 52 54 55 56 57 58 59 60 61 63 64 65 66 67 68 69 70 71 73 74 75 76 78 80 81 83 84 85 86 87 88 89 90 91 92 93 94 95 96 97 98 
23 83 1 3 4 5 6 7 8 10 11 12 13 15 17 18 19 20 21 22 25 26 27 29 30 31 32 33 34 35 36 37 39 40 41 42 43 44 45 46 47 49 50 51 52 54 55 56 57 58 60 62 64 65 66 67 68 69 70 72 73 75 76 77 78 79 80 81 82 84 85 86 87 88 89 90 91 92 93 94 95 96 97 98 99 
24 78 0 1 2 4 9 10 11 13 14 16 17 18 19 20 21 23 26 27 28 29 30 32 33 34 35 36 38 39 40 41 42 44 45 47 48 49 50 51 52 53 54 55 56 57 58 59 60 62 63 64 65 67 68 69 70 71 72 73 74 75 76 77 78 79 80 81 82 83 84 85 86 87 89 92 94 97 98 99 
25 75 0 2 3 4 5 6 7 8 9 10 11 12 13 14 15 16 17 19 20 21 22 24 28 30 31 32 34 35 36 37 38 40 41 42 43 44 45 46 48 50 51 52 53 54 56 58 59 60 61 62 63 64 69 72 73 75 76 79 80 81 82 84 85 86 87 88 89 90 91 92 93 94 97 98 99 
26 83 0 2 3 4 5 6 7 8 9 10 12 13 14 16 17 19 20 21 22 24 27 28 29 32 34 35 36 37 38 39 40 41 42 44 46 47 49 50 51 52 53 54 55 56 57 58 59 60 61 62 63 64 65 66 67 68 69 70 71 72 73 74 75 76 77 78 79 80 81 82 83 84 85 87 88 89 90 91 92 93 94 97 98 
27 84 1 2 4 5 6 7 8 9 10 11 13 14 15 16 17 19 20 21 22 23 24 25 26 28 29 30 33 34 35 36 37 38 39 40 41 42 43 44 45 47 48 49 50 51 52 53 54 56 57 58 59 60 61 62 63 64 65 66 68 69 70 71 72 73 74 75 76 78 79 80 81 82 83 84 85 87 89 90 91 93 94 95 96 97 
28 79 0 1 2 3 4 6 7 8 9 11 12 16 17 18 19 22 23 24 25 27 30 31 32 33 34 35 38 39 40 41 42 43 45 47 48 49 50 51 52 54 56 57 58 59 60 61 62 64 65 66 67 68 69 70 71 73 74 75 76 77 78 79 80 82 83 84 85 87 89 90 91 92 93 94 95 96 97 98 99 
29 77 0 1 2 3 4 5 6 7 8 9 10 11 13 17 19 20 21 23 26 27 28 30 31 32 33 34 35 36 37 38 39 40 41 43 44 45 46 47 48 49 50 51 52 53 54 55 56 58 59 61 63 65 66 67 68 69 71 72 74 75 76 77 78 80 81 83 84 86 88 89 90 91 92 96 97 98 99 
30 79 0 1 2 3 4 5 6 8 9 10 11 12 13 15 17 18 19 20 21 22 23 24 26 27 29 31 33 34 36 37 38 39 40 41 43 45 46 47 49 50 51 53 54 56 57 58 60 61 62 63 64 65 66 67 68 69 71 72 74 75 76 77 79 80 81 82 83 84 85 87 89 91 92 93 94 95 96 97 98 
31 74 2 3 5 6 7 8 10 12 13 14 16 17 18 19 20 21 22 23 24 25 26 27 30 32 33 35 36 38 39 40 42 43 44 46 47 48 50 51 52 53 54 55 56 57 58 59 60 61 62 64 65 67 68 69 70 71 73 74 75 77 78 80 81 82 83 84 85 86 87 89 90 91 92 95 
32 75 0 1 2 3 4 5 6 7 8 10 11 12 13 16 17 19 20 23 26 28 29 30 31 33 34 35 36 38 39 40 41 42 43 44 48 49 51 52 54 55 56 57 58 59 60 61 62 63 64 65 66 67 69 70 71 73 75 76 77 78 79 80 81 82 85 87 88 89 92 93 94 95 96 97 99 
33 82 0 1 2 3 4 6 7 8 9 10 11 12 13 14 15 16 18 20 21 22 23 25 26 27 29 30 31 34 35 36 37 39 40 42 45 46 47 48 49 50 51 52 53 54 55 56 57 58 59 60 61 63 64 65 66 67 68 69 71 72 73 74 75 76 77 79 80 82 83 84 85 86 88 89 90 92 93 94 95 96 97 98 
34 75 0 1 2 3 4 5 6 7 8 9 10 12 14 15 16 17 18 19 20 22 24 26 27 28 30 32 33 35 36 37 39 40 41 44 45 47 49 51 52 53 55 56 57 58 60 61 62 63 65 66 67 68 71 72 73 74 76 77 79 81 82 83 84 85 86 88 89 90 91 94 95 96 97 98 99 
35 77 0 1 3 4 5 7 8 9 10 11 12 13 14 15 17 18 21 22 23 24 25 26 27 28 29 31 32 33 36 37 38 39 41 42 43 45 46 48 49 52 53 54 55 57 58 59 60 61 62 63 64 65 66 68 69 70 72 74 75 76 77 78 79 80 81 82 84 85 86 87 88 89 94 95 96 98 99 
36 85 0 1 2 3 5 6 8 9 10 11 12 13 14 15 16 18 19 21 22 23 24 27 28 29 30 31 32 34 35 37 38 40 41 42 43 44 45 46 47 49 50 51 52 53 54 55 56 57 58 59 60 61 62 63 64 66 67 69 70 71 72 73 74 76 77 80 81 82 83 84 85 86 87 88 89 90 91 92 93 94 95 96 97 98 99 
37 81 2 3 4 6 7 8 9 10 11 13 14 15 16 17 18 19 21 22 23 25 26 27 28 29 30 31 32 34 35 36 38 39 40 41 43 44 45 46 48 50 51 52 53 55 56 57 58 59 60 61 62 63 65 67 68 69 70 71 74 75 76 77 78 79 80 81 82 84 85 86 87 88 89 90 91 93 94 95 96 98 99 
38 83 0 1 3 4 5 6 7 8 9 10 11 12 13 14 15 16 17 18 19 20 21 22 23 24 25 27 28 30 33 34 35 37 39 41 42 43 44 45 46 47 48 49 51 53 54 56 57 58 59 60 61 62 64 65 66 67 68 69 71 72 73 74 75 76 77 78 80 81 82 83 84 85 86 87 88 90 92 94 95 96 97 98 99 
39 73 0 1 4 5 6 7 8 9 11 13 15 16 19 20 21 23 24 25 26 27 28 29 30 31 33 35 36 37 38 42 43 44 46 47 48 49 51 52 53 54 55 57 58 59 60 61 62 63 64 65 66 68 69 70 72 73 75 76 78 79 80 81 82 83 84 85 86 88 89 91 93 96 99 
40 82 0 1 2 3 4 5 6 7 8 9 10 11 12 13 15 16 18 19 21 22 23 26 27 28 29 30 32 33 34 35 37 39 41 42 43 44 45 47 48 49 51 52 53 54 55 56 57 58 60 61 62 64 65 66 67 68 69 70 72 73 74 75 76 77 78 79 80 81 82 84 86 87 88 89 90 91 92 93 94 96 97 98 
41 77 0 1 2 3 5 6 9 10 11 13 15 16 17 18 19 20 21 22 24 25 26 27 29 30 31 32 33 34 35 36 37 39 40 42 44 46 47 48 49 50 51 52 54 55 58 59 60 61 62 63 64 66 68 69 70 71 73 74 75 76 77 78 79 80 81 82 84 85 87 88 89 92 93 94 97 98 99 
42 79 3 4 5 7 9 10 11 12 14 15 17 18 19 20 21 22 24 25 27 28 29 30 31 32 33 34 35 36 37 38 39 40 43 44 45 46 47 48 49 50 51 52 54 55 56 57 59 60 61 62 63 64 65 66 67 69 70 72 73 74 76 77 78 80 81 82 83 84 85 86 88 90 91 93 94 96 97 98 99 
43 84 0 1 2 3 5 6 7 8 9 10 13 14 15 16 17 18 19 20 21 22 23 24 26 27 28 29 30 31 32 34 35 36 37 38 39 41 42 44 47 48 49 50 53 54 55 56 58 59 60 61 62 63 64 65 66 67 68 71 72 73 74 76 77 78 79 80 81 82 83 84 85 86 88 89 90 91 92 93 94 95 96 97 98 99 
44 68 0 1 2 3 6 7 8 10 11 12 13 14 15 16 18 21 23 25 26 27 28 29 30 33 34 36 37 38 39 41 42 43 45 47 48 50 51 52 53 54 55 56 57 58 59 60 61 62 64 65 67 73 74 76 77 78 80 83 84 85 86 87 88 91 92 93 95 98 
45 79 0 1 2 3 5 9 10 11 12 13 14 16 17 18 19 20 21 22 24 26 27 28 29 30 31 32 33 34 35 36 38 39 40 41 42 43 44 46 47 49 50 51 53 54 55 56 57 58 60 62 64 65 67 68 70 72 73 74 75 76 77 78 79 80 82 83 84 85 86 87 89 92 93 94 95 96 97 98 99 
46 82 0 1 3 4 5 6 7 9 10 12 13 15 16 17 18 19 20 21 22 23 24 25 26 27 28 29 31 32 33 34 35 36 38 39 40 42 43 45 47 48 50 52 53 54 57 58 59 60 61 63 65 66 67 68 69 70 71 72 73 74 75 76 77 78 79 80 83 84 86 87 88 89 90 91 92 93 94 95 96 97 98 99 
47 83 0 1 2 3 4 5 6 7 8 9 11 12 13 14 15 16 17 18 19 20 21 22 23 24 25 26 27 30 31 32 34 37 38 40 41 42 43 44 45 46 48 49 50 51 52 53 54 55 56 57 58 59 61 62 63 64 65 66 68 69 70 71 76 77 78 80 81 82 83 84 85 86 87 88 89 90 91 94 95 96 97 98 99 
48 76 1 4 5 6 7 8 10 11 12 13 14 15 16 18 19 22 23 24 25 26 27 28 30 31 32 34 35 37 38 39 40 42 43 44 46 47 51 52 53 54 55 56 57 58 59 60 61 63 64 65 66 68 69 70 71 74 75 76 77 78 79 80 81 82 83 84 85 86 88 90 92 93 94 95 96 99 
49 80 0 1 2 4 5 7 8 10 12 13 15 16 17 18 21 22 23 24 25 26 27 28 29 31 32 34 35 36 37 38 39 40 41 42 43 44 45 47 48 50 51 52 53 54 56 57 58 59 60 61 62 63 64 65 67 68 70 73 74 75 77 78 79 80 81 83 85 86 87 88 89 90 91 92 93 94 95 96 98 99 
50 81 0 1 2 3 4 6 7 8 9 10 12 13 16 17 18 19 20 21 22 23 24 25 26 27 28 29 30 31 32 33 34 35 36 37 38 39 40 42 45 47 49 51 52 54 55 57 58 59 60 61 62 63 64 65 66 67 69 71 72 73 74 76 77 78 79 81 82 83 84 85 86 87 88 90 91 92 93 95 96 97 98 
51 78 1 2 4 5 6 7 8 10 14 15 16 17 18 19 20 21 22 24 25 26 27 34 35 36 37 38 39 40 41 42 43 44 46 47 48 50 52 53 54 55 56 57 58 59 60 61 62 64 66 67 69 70 71 73 74 75 76 78 79 80 81 82 83 84 85 86 87 89 90 91 92 93 94 95 96 97 98 99 
52 79 1 2 3 4 5 7 10 11 12 14 15 16 17 18 19 20 21 23 24 25 27 28 29 30 32 33 34 35 37 38 39 40 41 42 43 45 47 48 49 50 51 53 54 55 56 57 58 59 60 61 62 63 64 65 67 70 71 72 74 75 76 77 79 80 81 83 84 85 86 87 88 90 91 93 94 95 96 97 98 
53 81 1 3 4 5 6 7 8 9 10 11 12 13 14 16 17 18 20 21 22 24 25 26 27 29 30 31 32 33 34 35 37 39 40 41 42 43 44 46 47 48 49 51 52 54 56 57 58 59 60 62 63 64 65 66 67 68 69 70 71 72 73 74 75 76 79 80 81 82 83 84 85 87 88 90 92 93 94 95 97 98 99 
54 72 2 4 5 6 8 9 10 14 15 16 17 18 19 20 21 22 23 25 26 27 28 30 32 33 34 35 36 37 39 40 41 44 45 47 48 49 50 51 52 55 56 57 58 59 63 64 66 67 68 69 71 72 73 74 75 76 77 79 80 81 82 85 86 89 90 91 93 94 95 97 98 99 
55 75 0 1 2 3 4 5 7 9 11 12 13 14 15 16 17 18 19 21 22 24 25 26 27 29 30 31 33 35 36 37 38 39 40 41 42 44 45 46 48 49 50 53 54 57 58 60 61 63 64 66 67 69 71 72 74 75 76 77 78 79 80 81 82 83 84 87 88 89 90 93 94 96 97 98 99 
56 73 0 1 5 6 7 9 10 11 12 13 14 15 16 19 20 21 22 24 25 26 27 31 32 34 35 36 38 39 40 41 42 43 45 47 49 50 51 52 54 57 58 59 60 61 62 64 65 66 67 68 69 71 72 73 75 77 80 81 82 83 84 85 86 87 88 89 90 92 93 94 96 97 99 
57 83 2 3 4 5 6 7 9 10 11 12 13 14 15 16 17 19 20 21 22 24 25 28 30 31 33 34 35 36 37 38 39 40 41 42 43 44 45 46 47 48 49 50 51 52 53 54 56 58 59 60 61 62 63 64 65 66 67 68 70 71 72 73 74 75 77 80 81 82 83 85 86 87 88 89 90 91 92 93 95 96 97 98 99 
58 79 1 2 3 5 7 8 9 11 12 14 16 17 18 19 20 22 23 24 25 26 27 29 30 32 33 34 35 37 41 42 44 45 46 47 48 49 50 52 54 55 56 57 59 60 61 63 64 65 66 67 68 69 70 71 72 73 74 75 76 79 80 81 82 83 84 85 86 87 88 89 90 91 92 93 94 96 97 98 99 
59 79 0 1 2 3 4 7 10 11 12 13 15 16 17 18 21 22 23 24 25 26 28 29 31 32 33 34 35 36 37 38 39 40 41 42 43 46 49 50 51 53 54 55 56 57 58 60 62 63 65 66 67 68 69 70 71 72 74 75 77 78 79 80 81 82 83 84 85 86 87 88 89 91 92 93 94 95 96 97 98 
60 79 0 1 2 3 5 6 7 9 10 11 14 15 16 17 18 19 20 22 23 24 25 27 28 30 32 34 35 36 37 39 41 42 43 44 46 47 48 49 50 52 53 54 55 56 57 58 61 62 64 65 66 67 68 69 70 71 72 73 75 77 78 79 81 82 83 85 86 87 88 89 90 91 92 93 94 95 96 98 99 
61 88 0 1 2 3 4 5 6 8 9 10 11 12 13 14 15 17 20 21 22 23 24 25 27 28 29 30 31 32 33 34 35 36 37 38 39 40 41 42 43 44 45 46 47 48 49 50 51 52 53 54 55 56 57 58 59 60 63 64 65 67 68 69 70 71 72 74 75 76 77 78 79 80 81 82 83 84 85 86 87 88 89 91 92 93 95 96 98 99 
62 77 0 1 2 4 5 6 7 9 10 11 12 13 14 15 17 19 20 21 22 25 26 27 28 29 30 31 32 33 34 36 37 39 40 41 42 43 44 45 46 47 49 50 51 52 53 54 55 56 57 58 59 60 63 64 65 67 70 71 75 77 78 79 81 82 83 85 86 87 88 90 91 92 94 95 96 98 99 
63 86 0 1 2 3 4 5 6 7 8 9 10 11 12 13 14 15 16 17 19 20 22 23 24 25 26 27 29 30 31 32 33 34 35 38 39 40 41 42 44 45 47 48 49 50 51 52 53 54 55 56 57 58 59 60 61 62 64 65 67 68 69 70 71 72 73 74 75 76 77 78 79 80 81 82 83 85 86 88 89 91 93 95 96 97 98 99 
64 85 1 2 3 4 5 6 7 9 10 11 12 13 14 15 16 17 18 19 20 21 22 23 24 25 26 27 28 29 30 32 33 34 35 36 37 38 39 41 43 44 45 46 47 48 49 51 53 54 55 56 57 58 59 60 62 63 65 66 67 68 69 71 72 73 74 75 77 78 79 80 81 82 83 84 85 86 87 88 89 90 91 94 96 97 99 
65 79 0 1 2 3 4 5 6 7 8 9 10 11 12 13 14 15 16 17 18 21 22 23 24 25 28 29 30 31 32 33 34 36 37 39 41 44 45 46 47 48 49 52 55 56 57 59 60 61 62 63 64 67 68 69 71 72 73 74 75 76 77 78 79 80 81 82 83 84 85 86 87 88 89 90 92 94 96 98 99 
66 76 0 1 3 5 6 7 8 9 10 11 13 14 15 16 18 19 20 22 23 24 25 26 27 28 29 30 31 33 34 36 37 38 39 40 41 42 43 44 46 47 48 49 52 54 55 56 58 59 60 61 62 63 64 65 68 70 71 72 74 75 76 77 78 79 80 82 83 84 86 90 92 93 94 95 96 98 
67 80 0 1 2 3 5 6 7 10 11 14 15 16 19 20 21 22 23 24 25 26 27 28 29 31 32 34 35 36 37 38 39 40 41 42 43 44 45 46 48 49 50 51 52 53 54 55 56 57 58 59 60 61 62 63 65 66 68 69 70 71 72 73 74 75 76 77 78 79 80 81 83 84 85 86 87 90 91 93 96 98 
68 81 0 1 2 3 4 5 6 7 8 9 10 11 13 14 16 17 18 19 20 21 23 24 25 26 27 28 29 31 32 33 34 35 37 40 41 42 43 44 45 46 47 48 50 51 52 53 55 57 58 59 60 62 63 64 65 66 67 69 70 71 72 73 74 76 77 78 79 80 81 82 83 84 85 88 90 92 95 96 97 98 99 
69 85 0 1 2 5 6 7 8 9 10 11 12 13 15 16 17 18 19 20 21 22 23 24 25 26 27 28 29 30 32 33 34 35 37 38 39 40 41 43 44 45 47 48 49 50 51 52 53 54 55 57 58 59 60 61 62 63 64 65 66 68 70 71 72 73 75 76 77 79 81 82 83 84 86 87 88 89 90 91 92 94 95 96 97 98 99 
70 83 2 3 4 5 6 7 8 9 10 11 13 14 15 16 17 18 19 20 21 22 23 25 26 28 29 30 31 32 33 34 35 36 37 39 41 42 43 44 46 48 51 52 54 55 56 57 58 59 60 61 62 63 64 65 67 68 69 71 72 73 74 75 77 78 79 80 81 82 83 84 85 86 87 88 89 90 91 92 93 94 96 97 99 
71 80 1 2 3 4 6 9 10 12 14 15 16 17 18 19 20 21 23 25 26 28 29 30 31 32 34 35 36 38 39 40 41 42 43 44 45 46 47 48 49 51 52 53 54 55 56 57 58 59 60 61 62 63 64 66 67 68 70 72 73 76 77 78 79 80 81 82 83 85 87 88 89 90 92 93 94 95 96 97 98 99 
72 77 0 1 2 5 6 7 8 9 10 12 13 14 16 18 19 20 21 22 23 24 25 26 28 29 30 32 33 34 36 38 39 40 41 42 43 45 46 47 48 49 54 55 56 58 59 61 62 63 64 65 66 67 68 69 70 71 74 75 77 80 81 82 83 84 85 86 87 88 89 90 92 93 94 95 97 98 99 
73 86 0 1 2 3 4 5 6 7 8 9 10 11 12 13 14 15 17 18 19 20 21 22 23 24 26 27 28 30 31 32 34 35 36 37 38 39 40 41 42 43 45 46 47 48 49 51 52 53 54 55 56 57 58 59 60 63 64 65 66 67 68 70 71 72 75 76 77 78 79 80 81 82 83 84 85 86 87 88 89 90 92 93 94 96 97 99 
74 78 0 1 2 3 4 5 6 7 9 11 12 14 15 16 17 19 20 22 23 24 25 26 27 28 29 30 32 33 34 35 36 37 38 39 41 42 43 44 45 46 48 49 50 51 52 54 55 58 59 60 61 63 64 65 66 67 69 70 71 75 77 78 79 80 81 82 83 85 87 88 89 90 92 93 94 95 96 98 
75 80 0 1 2 3 4 5 6 7 8 10 12 13 14 15 17 19 20 22 24 25 26 27 28 29 30 31 32 33 34 36 39 40 41 42 43 44 45 47 49 50 51 52 53 54 55 57 58 60 61 62 63 64 65 66 68 69 70 71 72 73 76 77 78 79 80 81 82 83 84 85 86 88 89 91 92 93 94 95 97 99 
76 71 0 1 2 3 4 5 6 7 8 9 10 11 13 14 16 17 20 23 26 27 28 29 30 31 32 33 34 36 37 39 42 43 44 45 47 48 51 52 54 55 57 58 59 62 63 65 67 68 69 71 74 75 77 79 82 83 84 85 86 87 88 89 90 91 92 93 94 95 96 97 98 
77 84 0 1 3 4 5 6 7 9 10 11 12 13 14 15 16 17 18 19 20 21 22 23 24 25 26 29 30 31 33 34 35 36 37 39 40 41 42 43 44 45 46 47 49 50 51 52 53 54 55 56 57 59 60 61 62 63 64 65 66 68 69 70 71 73 74 75 76 79 82 83 84 85 86 87 88 89 90 91 92 93 94 96 98 99 
78 85 0 1 2 3 4 5 6 7 8 9 10 11 12 14 15 16 17 19 20 21 22 23 24 25 27 28 29 30 31 32 33 34 35 38 39 40 41 44 46 47 48 49 50 51 52 53 54 56 57 58 59 60 61 62 63 64 65 66 67 68 71 72 73 74 75 76 77 79 80 81 82 83 84 86 87 89 90 91 93 94 95 96 97 98 99 
79 74 0 1 2 3 4 7 8 11 13 14 16 18 20 21 22 23 24 25 26 28 29 30 31 32 33 34 35 37 38 41 44 45 46 47 48 51 52 53 54 55 56 57 58 59 60 61 62 63 64 65 66 67 68 69 70 71 72 75 77 78 80 83 84 85 86 88 89 90 91 93 94 95 97 98 
80 69 0 1 2 4 5 7 8 9 10 11 12 14 16 17 18 19 20 23 25 27 28 30 31 32 33 34 35 36 38 39 40 41 44 45 46 47 48 50 52 54 55 58 59 60 61 62 64 67 68 69 70 71 72 73 78 79 85 86 87 88 89 90 91 92 93 94 95 97 99 
81 74 0 1 2 4 5 6 7 8 11 13 14 15 16 17 18 20 21 23 24 25 26 28 29 30 31 32 33 35 37 39 40 44 45 46 49 50 51 52 53 54 55 57 58 60 61 62 65 66 67 69 70 71 73 74 75 76 78 79 80 82 83 84 85 87 88 90 91 92 93 94 95 96 98 99 
82 82 0 2 6 7 8 9 10 11 12 13 14 15 17 18 20 21 22 23 24 25 27 28 29 30 31 32 33 34 35 36 37 39 40 42 43 44 45 46 47 50 51 52 53 54 56 57 58 59 61 63 64 65 66 67 68 69 70 71 72 73 74 75 76 77 78 79 80 81 83 84 85 86 88 89 91 92 93 95 96 97 98 99 
83 83 1 2 3 4 5 6 8 9 10 11 12 13 14 15 16 17 18 19 20 21 23 24 25 26 27 28 29 30 32 33 34 36 37 38 39 40 41 42 43 44 45 46 47 50 51 53 54 55 56 58 59 60 61 62 64 65 66 68 69 70 71 73 74 76 77 78 79 80 81 82 84 85 86 87 90 91 92 93 94 95 97 98 99 
84 78 0 1 3 4 5 6 8 9 10 11 12 13 14 20 21 22 23 24 25 26 27 28 29 31 32 33 34 36 37 38 40 42 43 44 45 46 47 48 50 51 53 54 56 57 58 60 62 63 66 67 68 69 70 71 72 73 74 75 76 77 78 79 81 82 83 85 86 87 88 89 91 92 93 94 95 96 97 99 
85 82 1 3 4 5 6 7 8 10 11 13 14 16 17 20 21 22 23 24 25 26 27 28 29 30 31 32 33 34 35 36 37 39 40 41 42 43 44 45 46 47 49 51 52 53 54 56 58 59 60 61 62 63 66 67 68 69 70 71 72 73 74 75 76 77 78 79 80 81 82 83 86 87 88 89 90 91 92 94 95 96 97 98 
86 89 0 2 3 4 5 6 7 8 9 10 11 12 13 14 15 16 17 18 19 20 21 22 23 24 25 26 27 28 29 30 31 32 33 35 36 37 38 40 41 42 43 44 45 46 47 48 49 50 51 52 53 55 57 58 60 61 62 63 64 65 66 67 68 70 71 72 73 74 76 77 78 79 81 82 83 84 85 87 88 89 90 91 92 93 95 96 97 98 99 
87 75 1 4 5 7 8 9 11 12 13 14 15 16 17 19 20 22 23 24 25 28 29 31 32 33 34 35 37 38 39 40 41 42 43 44 45 47 48 49 52 53 54 56 59 61 62 63 64 66 68 69 70 71 72 73 75 77 78 79 81 82 83 84 85 86 88 89 90 91 92 93 94 95 96 97 98 
88 80 0 1 2 3 4 6 7 8 9 11 12 13 14 15 16 17 19 20 21 22 23 25 26 27 28 30 31 32 33 34 36 37 38 39 40 41 42 45 46 47 48 49 52 53 54 55 57 58 61 62 63 64 66 67 68 69 70 71 72 73 74 75 76 77 78 80 81 82 84 85 86 89 90 92 93 94 96 97 98 99 
89 82 0 1 3 4 5 6 7 10 11 12 13 14 15 16 17 18 20 21 23 24 25 26 27 29 31 32 33 34 35 37 39 40 41 42 43 44 45 46 47 48 49 51 52 53 54 55 56 58 60 61 62 63 64 65 66 68 69 71 72 73 74 75 76 77 78 79 80 81 82 83 84 85 86 87 90 91 92 93 94 96 97 99 
90 77 0 1 2 3 4 5 6 7 8 9 10 11 14 15 17 18 19 23 24 25 27 28 29 30 31 33 34 36 37 38 39 40 41 42 46 50 52 53 55 56 57 58 59 60 61 62 63 64 65 66 70 71 73 74 75 76 77 78 79 80 81 82 83 85 86 87 88 89 91 92 93 94 95 96 97 98 99 
91 70 0 1 2 3 5 6 7 8 10 12 13 14 15 17 18 19 20 22 23 24 25 27 28 29 30 31 34 35 36 37 39 40 41 42 43 44 45 48 49 52 53 54 55 57 58 60 62 65 66 67 68 69 70 71 72 73 74 77 78 80 82 84 87 89 92 93 96 97 98 99 
92 75 0 2 3 5 6 7 8 9 10 11 12 13 14 15 16 17 18 19 21 22 24 27 28 29 30 31 34 36 37 38 39 40 41 42 44 45 47 48 49 50 51 52 53 54 55 56 57 61 63 64 65 66 67 69 70 71 73 75 76 78 79 84 85 86 87 88 89 90 91 93 94 95 97 98 99 
93 84 0 2 4 5 6 7 8 9 10 11 12 14 15 16 17 18 19 20 21 22 23 24 25 27 29 30 31 32 33 34 35 36 37 38 39 41 42 44 45 46 48 49 50 51 53 54 55 56 57 58 60 62 63 64 65 66 67 68 69 70 71 73 74 75 76 77 78 79 81 82 83 84 85 86 87 88 89 90 91 92 94 96 97 98 
94 79 0 1 2 4 6 9 10 11 12 13 14 15 18 19 20 21 22 23 25 26 27 28 29 31 33 34 35 36 37 38 40 41 42 43 44 45 46 47 49 50 52 53 54 56 57 58 60 61 62 63 64 65 66 67 68 69 71 72 73 74 75 76 78 79 80 81 82 83 84 85 87 88 90 91 92 93 95 97 99 
95 80 0 1 2 3 4 5 6 7 8 9 11 13 15 16 17 19 20 21 22 23 24 25 26 27 28 30 31 32 33 34 35 36 37 38 39 40 41 42 43 46 47 50 51 52 53 54 55 56 58 59 60 61 62 63 64 65 66 67 70 71 73 74 78 79 80 81 83 84 85 86 87 88 89 90 91 93 94 96 97 99 
96 87 0 1 3 4 5 6 7 8 11 12 13 14 15 17 18 19 20 21 22 23 24 25 26 27 28 29 30 31 32 33 35 36 37 38 40 41 42 43 44 45 47 48 49 51 52 53 54 55 56 57 58 60 61 62 63 65 66 67 68 69 70 71 72 73 74 75 76 77 78 79 80 81 82 83 85 86 87 89 90 91 92 93 94 95 97 98 99 
97 78 0 1 2 4 6 7 8 9 11 12 13 15 16 17 19 20 21 23 24 25 26 27 29 30 32 33 34 35 36 38 40 42 43 44 46 47 49 50 51 52 54 55 56 59 60 63 64 65 66 67 68 69 70 71 72 73 74 75 76 77 78 79 80 81 82 84 85 86 87 89 91 92 93 94 95 96 98 99 
98 83 0 2 3 4 5 6 8 9 11 12 14 15 16 17 18 19 20 21 22 23 24 25 26 27 29 30 31 32 33 34 36 38 39 41 42 43 44 45 46 47 48 49 50 51 52 54 56 57 58 59 60 62 63 64 65 66 67 68 69 71 72 73 74 75 76 77 80 81 82 83 84 85 86 87 88 89 90 91 94 95 96 97 99 
99 79 0 2 3 4 5 8 9 10 11 12 13 14 15 16 17 18 19 20 21 22 23 24 25 27 28 29 30 31 33 34 36 37 38 39 40 41 42 43 44 45 46 47 48 50 52 55 56 57 58 59 60 61 62 63 65 66 67 69 70 71 73 75 76 77 78 80 81 83 88 89 90 91 92 93 94 95 96 97 98 
