100
0 20 12 14 35 44 45 49 51 53 61 64 66 67 73 77 78 88 89 91 95 99 
1 6 11 22 39 42 87 98 
2 24 0 5 11 15 16 21 30 31 32 34 42 45 55 62 63 65 72 74 78 82 83 91 93 99 
3 29 5 6 7 11 14 18 20 22 25 26 28 29 31 34 37 38 42 46 57 59 64 66 68 71 74 83 91 92 94 
4 17 2 22 37 44 54 55 60 72 73 75 76 77 85 86 88 89 99 
5 20 9 13 14 23 26 41 42 43 50 60 62 63 64 69 74 79 81 88 93 96 
6 20 16 17 34 35 37 39 41 44 48 50 58 62 69 77 81 83 88 94 98 99 
7 20 3 23 29 32 33 35 37 40 49 52 54 61 65 72 76 83 84 86 93 99 
8 27 3 10 11 13 15 17 21 23 29 30 32 33 40 41 43 47 50 51 53 57 67 69 88 90 92 95 98 
9 19 1 2 5 6 7 19 21 26 32 34 56 62 66 69 71 74 76 84 96 
10 31 0 1 3 4 9 12 14 20 27 31 32 35 36 37 38 39 44 63 67 70 72 74 75 80 81 82 86 88 91 96 99 
11 18 1 6 29 45 48 52 56 58 60 67 73 77 78 79 85 86 91 93 
12 17 14 16 22 25 27 28 37 47 50 57 59 72 73 84 88 95 96 
13 26 5 7 8 21 22 26 31 34 35 37 40 42 46 49 56 61 64 66 70 78 79 84 90 96 97 99 
14 18 3 5 12 25 28 37 38 39 43 44 45 60 67 73 82 87 97 99 
15 11 10 12 16 18 39 41 52 76 87 95 98 
16 21 3 4 5 6 9 12 14 17 29 34 55 67 68 72 77 78 85 86 93 98 99 
17 13 23 29 35 36 39 48 64 69 74 75 86 94 98 
18 18 3 5 12 13 17 24 31 38 48 49 50 55 59 63 66 72 87 96 
19 13 16 23 26 27 30 46 51 59 60 77 79 80 85 
20 23 0 1 7 14 17 18 25 31 41 49 50 52 55 60 62 78 83 85 86 91 95 96 99 
21 20 3 10 17 24 27 28 29 39 40 42 58 67 70 77 81 85 93 96 97 99 
22 20 2 4 5 10 14 19 27 28 29 35 37 50 55 63 67 79 84 86 96 99 
23 14 0 11 13 15 18 24 32 47 58 71 84 87 94 98 
24 13 0 10 13 14 32 44 46 49 50 55 57 72 83 
25 24 10 17 20 21 24 30 35 39 47 55 57 58 61 65 70 72 76 77 80 82 87 89 90 98 
26 16 8 16 27 32 33 34 35 39 40 41 46 55 65 73 88 98 
27 14 1 2 3 7 12 56 63 75 80 84 86 90 93 99 
28 15 9 16 21 22 39 44 48 49 52 55 59 77 85 89 91 
29 22 8 13 14 21 25 37 43 56 57 58 62 64 71 72 76 78 83 86 87 88 94 96 
30 26 6 10 16 18 32 36 41 43 51 58 60 62 67 71 74 75 82 85 86 87 88 90 92 93 96 98 
31 16 4 24 26 27 34 35 47 58 67 69 71 76 78 83 92 96 
32 23 8 13 19 20 24 40 41 43 45 48 50 51 55 57 58 67 70 71 73 85 89 90 91 
33 20 4 5 14 22 24 32 43 44 45 47 50 51 62 69 70 74 76 84 88 92 
34 22 2 5 6 18 24 29 30 31 39 46 47 49 58 61 68 72 74 79 81 86 87 90 
35 16 0 3 7 13 24 41 42 49 52 55 60 62 79 88 95 96 
36 22 3 4 19 22 24 40 43 44 66 68 71 72 74 75 81 82 83 90 91 93 94 99 
37 22 2 11 15 22 26 34 35 40 41 48 56 61 67 68 69 72 74 77 81 82 85 94 
38 21 2 5 9 10 13 19 23 29 30 44 60 66 70 72 76 77 80 86 89 96 97 
39 21 0 1 13 15 19 24 27 28 29 31 32 41 42 51 56 66 68 80 82 87 90 
40 22 6 8 11 17 19 20 25 35 36 38 46 47 48 53 54 59 62 68 70 71 78 97 
41 26 0 4 5 7 10 13 17 18 24 31 36 44 48 54 56 59 66 67 69 77 82 84 94 96 97 98 
42 20 6 9 17 19 20 22 25 33 45 48 56 58 61 74 76 86 88 90 93 97 
43 18 3 6 8 16 26 40 41 54 59 66 68 70 75 77 79 81 95 99 
44 12 3 4 19 23 50 51 57 62 75 84 90 91 
45 19 3 6 14 21 26 27 28 33 53 56 61 77 84 85 88 89 92 94 97 
46 21 2 4 14 28 30 32 41 51 59 61 62 64 65 67 77 78 79 85 86 87 89 
47 23 0 17 18 21 22 24 32 35 40 44 48 50 51 53 56 61 62 73 85 93 95 96 97 
48 19 9 13 18 19 23 25 30 35 41 49 52 57 58 60 63 82 83 90 96 
49 21 5 9 11 20 22 26 27 28 44 52 55 56 67 68 74 77 78 83 90 93 97 
50 21 0 8 10 12 14 15 18 27 34 48 52 53 59 65 68 72 75 77 88 93 94 
51 16 0 16 31 34 35 46 53 54 72 79 84 89 90 91 93 99 
52 17 0 9 11 15 16 18 27 33 47 51 54 69 72 75 76 90 94 
53 26 4 7 15 21 22 31 33 38 39 40 44 45 47 62 66 67 69 79 82 85 86 87 88 92 93 97 
54 20 5 14 15 20 27 28 32 33 37 42 51 59 63 66 70 75 79 84 92 99 
55 21 14 15 19 22 24 28 30 31 32 41 43 48 57 65 66 68 80 84 90 97 99 
56 11 0 13 22 24 32 33 48 49 66 84 97 
57 17 10 11 25 56 59 62 65 66 69 73 75 76 77 82 85 92 97 
58 20 3 10 26 30 32 37 40 41 46 51 55 76 84 86 88 90 93 96 97 98 
59 16 7 15 24 30 33 40 61 65 66 68 73 78 84 88 93 97 
60 21 4 9 16 20 24 28 29 30 31 33 37 39 40 42 45 52 57 70 89 92 99 
61 20 3 13 18 19 25 30 31 38 39 42 45 52 56 59 60 62 63 83 88 90 
62 18 7 18 23 24 29 31 34 35 37 46 48 53 57 64 69 89 91 99 
63 15 18 29 33 35 37 39 47 50 64 68 73 81 85 95 96 
64 17 3 4 15 21 30 37 41 52 54 55 60 69 76 78 91 95 96 
65 21 1 4 7 22 27 28 31 42 46 50 51 54 59 69 78 79 82 83 87 89 94 
66 23 7 8 20 21 22 26 28 30 33 39 40 45 50 53 55 67 76 79 81 86 89 94 99 
67 23 3 5 13 15 17 19 27 36 37 44 47 51 52 54 55 56 60 74 75 79 81 82 87 
68 15 8 12 18 29 31 36 38 41 45 53 64 77 86 90 92 
69 18 1 9 10 15 18 24 28 30 31 42 45 51 52 66 68 73 78 96 
70 19 1 6 7 11 15 21 26 28 29 48 52 63 73 77 82 84 89 98 99 
71 20 7 14 19 21 25 29 32 34 37 39 40 64 66 69 85 87 89 94 95 97 
72 23 1 5 6 12 17 20 21 30 32 34 37 44 45 52 54 70 75 76 81 83 87 93 94 
73 27 0 4 5 13 22 27 30 32 39 43 45 52 58 60 67 72 74 75 76 79 80 81 84 88 93 97 98 
74 19 0 3 19 21 26 31 35 41 59 66 78 81 82 83 85 92 97 98 99 
75 24 0 5 6 8 9 16 21 23 25 26 39 50 53 58 67 76 77 80 82 85 87 89 92 99 
76 12 6 14 19 26 37 41 53 55 59 78 79 93 
77 13 0 8 14 23 32 38 44 52 61 63 64 91 92 
78 27 2 5 6 12 17 19 20 21 22 29 38 40 44 45 48 52 54 55 56 58 63 64 66 69 71 73 87 
79 21 2 13 16 21 23 25 27 28 36 41 46 47 53 54 58 70 71 82 84 88 97 
80 25 13 14 15 23 26 31 32 34 45 47 48 56 62 65 66 69 73 74 82 85 86 89 90 91 95 
81 20 3 8 12 14 19 22 41 50 53 54 57 59 64 72 76 80 84 85 87 99 
82 15 1 3 13 21 48 51 60 71 73 76 85 86 87 88 99 
83 14 9 11 12 17 22 33 35 41 57 58 59 85 90 92 
84 14 6 12 13 19 21 33 41 55 58 76 87 88 95 97 
85 22 0 9 10 17 25 33 34 36 45 57 66 68 69 80 86 87 88 89 91 92 94 97 
86 20 3 5 8 11 15 20 22 26 43 44 50 53 54 60 68 72 74 88 92 94 
87 22 1 4 6 20 21 23 27 31 34 36 49 50 51 54 56 57 69 74 75 76 83 88 
88 16 21 26 29 37 44 60 70 73 74 77 79 83 86 93 95 97 
89 28 0 1 5 8 13 17 21 22 25 31 32 37 40 41 43 44 49 50 54 57 59 71 73 75 78 85 90 94 
90 13 16 32 33 42 44 45 58 59 64 81 84 91 92 
91 16 12 16 21 26 36 41 44 51 52 63 70 71 82 95 96 99 
92 27 1 7 8 10 22 27 29 35 36 38 41 46 48 49 53 54 61 63 64 67 75 78 81 85 87 90 94 
93 25 0 2 6 8 12 13 23 28 30 31 41 51 52 61 65 66 69 73 78 81 82 84 88 90 91 
94 15 0 27 31 34 51 64 66 67 69 78 80 86 87 91 92 
95 23 1 11 18 19 26 28 30 46 50 56 59 62 63 69 70 72 76 79 84 86 91 93 99 
96 22 1 4 9 21 23 31 33 40 41 45 52 54 55 58 70 73 74 85 91 94 95 99 
97 17 3 16 21 26 27 31 36 39 42 47 52 53 55 66 81 82 92 
98 18 6 9 13 18 27 38 50 51 52 60 61 62 64 72 76 89 91 92 
99 17 1 3 10 27 36 39 40 41 44 57 60 62 66 79 83 90 93 
